------------------------------------------------> DIGIT 0 <------------------------------------------------

------------------------------------------------ opening file input/recordings/Digit 0/rec_11.txt ------------------------------------------------
->obs seq:   10    1   23    1   23   23   23   23    4    7    7    9    4    2    4    9    4    7    7    8   18   10   10   17   17   17   17   17   17   17   17   17    9   17   17 
iteration: 2
-->pstar : 3.34096e-056
-->qstar : 1 2 3 4 5 5 5 5 5 5 5 5 5 5 5 5 5 5 5 5 5 5 5 5 5 5 5 5 5 5 5 5 5 5 5 
iteration: 3
-->pstar : 3.11325e-026
-->qstar : 1 1 1 1 2 2 2 2 3 3 3 3 3 3 3 3 3 3 3 4 5 5 5 5 5 5 5 5 5 5 5 5 5 5 5 
iteration: 4
-->pstar : 7.50905e-021
-->qstar : 1 1 1 1 2 2 2 2 3 3 3 3 3 3 3 3 3 3 3 4 4 5 5 5 5 5 5 5 5 5 5 5 5 5 5 
iteration: 5
-->pstar : 5.22762e-019
-->qstar : 1 1 1 1 2 2 2 2 3 3 3 3 3 3 3 3 3 3 3 4 4 5 5 5 5 5 5 5 5 5 5 5 5 5 5 
iteration: 6
-->pstar : 6.12545e-018
-->qstar : 1 1 1 1 2 2 2 2 3 3 3 3 3 3 3 3 3 3 3 4 4 4 4 5 5 5 5 5 5 5 5 5 5 5 5 
iteration: 7
-->pstar : 3.29706e-017
-->qstar : 1 1 1 1 2 2 2 2 3 3 3 3 3 3 3 3 3 3 3 4 4 4 4 5 5 5 5 5 5 5 5 5 5 5 5 
iteration: 8
-->pstar : 8.52257e-017
-->qstar : 1 1 1 1 2 2 2 2 3 3 3 3 3 3 3 3 3 3 3 4 4 4 4 5 5 5 5 5 5 5 5 5 5 5 5 
iteration: 9
-->pstar : 1.35268e-016
-->qstar : 1 1 1 1 2 2 2 2 3 3 3 3 3 3 3 3 3 3 3 4 4 4 4 5 5 5 5 5 5 5 5 5 5 5 5 
iteration: 10
-->pstar : 1.65193e-016
-->qstar : 1 1 1 1 2 2 2 2 3 3 3 3 3 3 3 3 3 3 3 4 4 4 4 5 5 5 5 5 5 5 5 5 5 5 5 
iteration: 11
-->pstar : 1.76909e-016
-->qstar : 1 1 1 1 2 2 2 2 3 3 3 3 3 3 3 3 3 3 3 4 4 4 4 5 5 5 5 5 5 5 5 5 5 5 5 
iteration: 12
-->pstar : 1.74557e-016
-->qstar : 1 1 1 1 2 2 2 2 3 3 3 3 3 3 3 3 3 3 3 4 4 4 4 5 5 5 5 5 5 5 5 5 5 5 5 
-------------------------------Final Model Lambda (Pi, A, B) after iterations 12--------------------------------
---------------A Matrix----------------
6.987654e-001   3.012346e-001   0.000000e+000   0.000000e+000   0.000000e+000   
0.000000e+000   7.865080e-001   2.134920e-001   0.000000e+000   0.000000e+000   
0.000000e+000   0.000000e+000   9.085393e-001   9.146070e-002   0.000000e+000   
0.000000e+000   0.000000e+000   0.000000e+000   7.538322e-001   2.461678e-001   
0.000000e+000   0.000000e+000   0.000000e+000   0.000000e+000   1.000000e+000   
---------------B Matrix----------------
4.475250e-001   1.000000e-030   1.000000e-030   1.237834e-063   1.000000e-030   1.000000e-030   9.206539e-228   1.000000e-030   1.000000e-030   3.012346e-001   1.000000e-030   1.000000e-030   1.000000e-030   1.000000e-030   1.000000e-030   1.000000e-030   1.000000e-030   1.000000e-030   1.000000e-030   1.000000e-030   1.000000e-030   1.000000e-030   2.512404e-001   1.000000e-030   1.000000e-030   1.000000e-030   1.000000e-030   1.000000e-030   1.000000e-030   1.000000e-030   1.000000e-030   1.000000e-030   
1.098126e-001   3.428223e-305   1.000000e-030   7.872159e-004   1.000000e-030   1.000000e-030   2.065495e-015   1.000000e-030   2.020920e-096   1.000000e-030   1.000000e-030   1.000000e-030   1.000000e-030   1.000000e-030   1.000000e-030   1.000000e-030   1.000000e-030   1.000000e-030   1.000000e-030   1.000000e-030   1.000000e-030   1.000000e-030   8.894002e-001   1.000000e-030   1.000000e-030   1.000000e-030   1.000000e-030   1.000000e-030   1.000000e-030   1.000000e-030   1.000000e-030   1.000000e-030   
3.462943e-191   9.146070e-002   1.000000e-030   3.655055e-001   1.000000e-030   1.000000e-030   3.601122e-001   1.538200e-007   1.829214e-001   9.096684e-187   1.000000e-030   1.000000e-030   1.000000e-030   1.000000e-030   1.000000e-030   1.000000e-030   1.000000e-030   2.986692e-042   1.000000e-030   1.000000e-030   1.000000e-030   1.000000e-030   1.310040e-010   1.000000e-030   1.000000e-030   1.000000e-030   1.000000e-030   1.000000e-030   1.000000e-030   1.000000e-030   1.000000e-030   1.000000e-030   
1.000000e-030   3.776838e-184   1.000000e-030   2.392936e-014   1.000000e-030   1.000000e-030   1.542399e-002   2.461674e-001   2.654170e-049   4.922407e-001   1.000000e-030   1.000000e-030   1.000000e-030   1.000000e-030   1.000000e-030   1.000000e-030   1.803716e-010   2.461678e-001   1.000000e-030   1.000000e-030   1.000000e-030   1.000000e-030   1.882046e-281   1.000000e-030   1.000000e-030   1.000000e-030   1.000000e-030   1.000000e-030   1.000000e-030   1.000000e-030   1.000000e-030   1.000000e-030   
1.000000e-030   1.000000e-030   1.000000e-030   1.000000e-030   1.000000e-030   1.000000e-030   2.775298e-285   4.951104e-098   9.090590e-002   3.505924e-005   1.000000e-030   1.000000e-030   1.000000e-030   1.000000e-030   1.000000e-030   1.000000e-030   9.090590e-001   1.440197e-029   1.000000e-030   1.000000e-030   1.000000e-030   1.000000e-030   1.000000e-030   1.000000e-030   1.000000e-030   1.000000e-030   1.000000e-030   1.000000e-030   1.000000e-030   1.000000e-030   1.000000e-030   1.000000e-030   
---------------Pi values----------------
1.000000e+000   0.000000e+000   0.000000e+000   0.000000e+000   0.000000e+000   
------------------------------------------------ opening file input/recordings/Digit 0/rec_12.txt ------------------------------------------------
->obs seq:   10   10    9   10   10   12   12   12   23   11   12   12    4    4    4    6    2    4    4    4    4    4    4    7    7    7   10   10   17   17   17   17   17   17   17   17    9    9   10    9 
iteration: 2
-->pstar : 9.95682e-064
-->qstar : 1 2 3 4 5 5 5 5 5 5 5 5 5 5 5 5 5 5 5 5 5 5 5 5 5 5 5 5 5 5 5 5 5 5 5 5 5 5 5 5 
iteration: 3
-->pstar : 4.44979e-030
-->qstar : 1 1 1 1 1 2 2 2 2 2 2 2 3 4 4 4 4 4 4 4 4 4 4 5 5 5 5 5 5 5 5 5 5 5 5 5 5 5 5 5 
iteration: 4
-->pstar : 4.69888e-023
-->qstar : 1 1 1 1 1 2 2 2 2 2 2 2 3 4 4 4 4 4 4 4 4 4 4 5 5 5 5 5 5 5 5 5 5 5 5 5 5 5 5 5 
iteration: 5
-->pstar : 1.2852e-021
-->qstar : 1 1 1 1 1 2 2 2 2 2 2 2 3 4 4 4 4 4 4 4 4 4 4 5 5 5 5 5 5 5 5 5 5 5 5 5 5 5 5 5 
iteration: 6
-->pstar : 3.1893e-021
-->qstar : 1 1 1 1 1 2 2 2 2 2 2 2 3 4 4 4 4 4 4 4 4 4 4 5 5 5 5 5 5 5 5 5 5 5 5 5 5 5 5 5 
iteration: 7
-->pstar : 5.07621e-021
-->qstar : 1 1 1 1 1 2 2 2 2 2 2 2 3 4 4 4 4 4 4 4 4 4 4 5 5 5 5 5 5 5 5 5 5 5 5 5 5 5 5 5 
iteration: 8
-->pstar : 7.1884e-021
-->qstar : 1 1 1 1 1 2 2 2 2 2 2 2 3 4 4 4 4 4 4 4 4 4 4 5 5 5 5 5 5 5 5 5 5 5 5 5 5 5 5 5 
iteration: 9
-->pstar : 9.55825e-021
-->qstar : 1 1 1 1 1 2 2 2 2 2 2 2 3 4 4 4 4 4 4 4 4 4 4 5 5 5 5 5 5 5 5 5 5 5 5 5 5 5 5 5 
iteration: 10
-->pstar : 1.1994e-020
-->qstar : 1 1 1 1 1 2 2 2 2 2 2 2 3 4 4 4 4 4 4 4 4 4 4 5 5 5 5 5 5 5 5 5 5 5 5 5 5 5 5 5 
iteration: 11
-->pstar : 1.42077e-020
-->qstar : 1 1 1 1 1 2 2 2 2 2 2 2 3 4 4 4 4 4 4 4 4 4 4 5 5 5 5 5 5 5 5 5 5 5 5 5 5 5 5 5 
iteration: 12
-->pstar : 1.59475e-020
-->qstar : 1 1 1 1 1 2 2 2 2 2 2 2 3 4 4 4 4 4 4 4 4 4 4 5 5 5 5 5 5 5 5 5 5 5 5 5 5 5 5 5 
iteration: 13
-->pstar : 1.71577e-020
-->qstar : 1 1 1 1 1 2 2 2 2 2 2 2 3 4 4 4 4 4 4 4 4 4 4 5 5 5 5 5 5 5 5 5 5 5 5 5 5 5 5 5 
iteration: 14
-->pstar : 1.79378e-020
-->qstar : 1 1 1 1 1 2 2 2 2 2 2 2 3 4 4 4 4 4 4 4 4 4 4 5 5 5 5 5 5 5 5 5 5 5 5 5 5 5 5 5 
iteration: 15
-->pstar : 1.84219e-020
-->qstar : 1 1 1 1 1 2 2 2 2 2 2 2 3 4 4 4 4 4 4 4 4 4 4 5 5 5 5 5 5 5 5 5 5 5 5 5 5 5 5 5 
iteration: 16
-->pstar : 1.87174e-020
-->qstar : 1 1 1 1 1 2 2 2 2 2 2 2 3 4 4 4 4 4 4 4 4 4 4 5 5 5 5 5 5 5 5 5 5 5 5 5 5 5 5 5 
iteration: 17
-->pstar : 1.88957e-020
-->qstar : 1 1 1 1 1 2 2 2 2 2 2 2 3 4 4 4 4 4 4 4 4 4 4 5 5 5 5 5 5 5 5 5 5 5 5 5 5 5 5 5 
iteration: 18
-->pstar : 1.90019e-020
-->qstar : 1 1 1 1 1 2 2 2 2 2 2 2 3 4 4 4 4 4 4 4 4 4 4 5 5 5 5 5 5 5 5 5 5 5 5 5 5 5 5 5 
iteration: 19
-->pstar : 1.90637e-020
-->qstar : 1 1 1 1 1 2 2 2 2 2 2 2 3 4 4 4 4 4 4 4 4 4 4 5 5 5 5 5 5 5 5 5 5 5 5 5 5 5 5 5 
iteration: 20
-->pstar : 1.90982e-020
-->qstar : 1 1 1 1 1 2 2 2 2 2 2 2 3 4 4 4 4 4 4 4 4 4 4 5 5 5 5 5 5 5 5 5 5 5 5 5 5 5 5 5 
iteration: 21
-->pstar : 1.91162e-020
-->qstar : 1 1 1 1 1 2 2 2 2 2 2 2 3 4 4 4 4 4 4 4 4 4 4 5 5 5 5 5 5 5 5 5 5 5 5 5 5 5 5 5 
iteration: 22
-->pstar : 1.91243e-020
-->qstar : 1 1 1 1 1 2 2 2 2 2 2 2 3 4 4 4 4 4 4 4 4 4 4 5 5 5 5 5 5 5 5 5 5 5 5 5 5 5 5 5 
iteration: 23
-->pstar : 1.9127e-020
-->qstar : 1 1 1 1 1 2 2 2 2 2 2 2 3 4 4 4 4 4 4 4 4 4 4 5 5 5 5 5 5 5 5 5 5 5 5 5 5 5 5 5 
iteration: 24
-->pstar : 1.91266e-020
-->qstar : 1 1 1 1 1 2 2 2 2 2 2 2 3 4 4 4 4 4 4 4 4 4 4 5 5 5 5 5 5 5 5 5 5 5 5 5 5 5 5 5 
-------------------------------Final Model Lambda (Pi, A, B) after iterations 24--------------------------------
---------------A Matrix----------------
8.000000e-001   2.000000e-001   0.000000e+000   0.000000e+000   0.000000e+000   
0.000000e+000   8.569581e-001   1.430419e-001   0.000000e+000   0.000000e+000   
0.000000e+000   0.000000e+000   3.769265e-001   6.230735e-001   0.000000e+000   
0.000000e+000   0.000000e+000   0.000000e+000   8.936635e-001   1.063365e-001   
0.000000e+000   0.000000e+000   0.000000e+000   0.000000e+000   1.000000e+000   
---------------B Matrix----------------
1.000000e-030   1.000000e-030   1.000000e-030   1.000000e-030   1.000000e-030   1.000000e-030   1.000000e-030   1.000000e-030   2.000000e-001   8.000000e-001   2.912958e-194   1.546431e-013   1.000000e-030   1.000000e-030   1.000000e-030   1.000000e-030   1.000000e-030   1.000000e-030   1.000000e-030   1.000000e-030   1.000000e-030   1.000000e-030   2.032211e-101   1.000000e-030   1.000000e-030   1.000000e-030   1.000000e-030   1.000000e-030   1.000000e-030   1.000000e-030   1.000000e-030   1.000000e-030   
1.000000e-030   1.000000e-030   1.000000e-030   1.852076e-020   1.000000e-030   1.000000e-030   1.000000e-030   1.000000e-030   1.000000e-030   9.365552e-017   1.430419e-001   7.139162e-001   1.000000e-030   1.000000e-030   1.000000e-030   1.000000e-030   1.000000e-030   1.000000e-030   1.000000e-030   1.000000e-030   1.000000e-030   1.000000e-030   1.430419e-001   1.000000e-030   1.000000e-030   1.000000e-030   1.000000e-030   1.000000e-030   1.000000e-030   1.000000e-030   1.000000e-030   1.000000e-030   
1.000000e-030   2.251725e-081   1.000000e-030   9.943666e-001   1.000000e-030   7.827693e-010   1.000000e-030   1.000000e-030   4.008196e-191   2.904054e-131   2.830459e-049   5.633381e-003   1.000000e-030   1.000000e-030   1.000000e-030   1.000000e-030   1.000000e-030   1.000000e-030   1.000000e-030   1.000000e-030   1.000000e-030   1.000000e-030   8.716754e-079   1.000000e-030   1.000000e-030   1.000000e-030   1.000000e-030   1.000000e-030   1.000000e-030   1.000000e-030   1.000000e-030   1.000000e-030   
1.000000e-030   1.063365e-001   1.000000e-030   7.873254e-001   1.000000e-030   1.063365e-001   1.624640e-006   1.000000e-030   1.000000e-030   1.634823e-142   6.808935e-152   8.040378e-050   1.000000e-030   1.000000e-030   1.000000e-030   1.000000e-030   1.000000e-030   1.000000e-030   1.000000e-030   1.000000e-030   1.000000e-030   1.000000e-030   7.097765e-154   1.000000e-030   1.000000e-030   1.000000e-030   1.000000e-030   1.000000e-030   1.000000e-030   1.000000e-030   1.000000e-030   1.000000e-030   
1.000000e-030   3.942379e-304   1.000000e-030   3.286149e-025   1.000000e-030   1.000000e-030   1.874992e-001   1.000000e-030   1.250001e-001   1.875002e-001   1.000000e-030   1.000000e-030   1.000000e-030   1.000000e-030   1.000000e-030   1.000000e-030   5.000005e-001   1.000000e-030   1.000000e-030   1.000000e-030   1.000000e-030   1.000000e-030   1.000000e-030   1.000000e-030   1.000000e-030   1.000000e-030   1.000000e-030   1.000000e-030   1.000000e-030   1.000000e-030   1.000000e-030   1.000000e-030   
---------------Pi values----------------
1.000000e+000   0.000000e+000   0.000000e+000   0.000000e+000   0.000000e+000   
------------------------------------------------ opening file input/recordings/Digit 0/rec_13.txt ------------------------------------------------
->obs seq:    9    9   17    1    1    1    1    1   10   23   23   23   23    4    4    4    7    7    4    5    5    5    7    6    4    6    7    7    4    7    7    7    7    7    7    7   17   17   17   10   17   17   17   10   10    9   10   10 
iteration: 2
-->pstar : 9.05568e-076
-->qstar : 1 2 3 4 5 5 5 5 5 5 5 5 5 5 5 5 5 5 5 5 5 5 5 5 5 5 5 5 5 5 5 5 5 5 5 5 5 5 5 5 5 5 5 5 5 5 5 5 
iteration: 3
-->pstar : 1.17115e-037
-->qstar : 1 1 1 2 2 2 2 2 2 3 3 3 3 4 4 4 4 4 4 4 4 4 5 5 5 5 5 5 5 5 5 5 5 5 5 5 5 5 5 5 5 5 5 5 5 5 5 5 
iteration: 4
-->pstar : 4.96669e-031
-->qstar : 1 1 1 2 2 2 2 2 2 3 3 3 3 4 4 4 4 4 4 4 4 4 4 4 4 4 4 4 4 5 5 5 5 5 5 5 5 5 5 5 5 5 5 5 5 5 5 5 
iteration: 5
-->pstar : 2.36015e-028
-->qstar : 1 1 1 2 2 2 2 2 2 3 3 3 3 4 4 4 4 4 4 4 4 4 4 4 4 4 4 4 4 4 4 4 4 4 4 4 5 5 5 5 5 5 5 5 5 5 5 5 
iteration: 6
-->pstar : 2.28717e-026
-->qstar : 1 1 1 2 2 2 2 2 2 3 3 3 3 4 4 4 4 4 4 4 4 4 4 4 4 4 4 4 4 4 4 4 4 4 4 4 5 5 5 5 5 5 5 5 5 5 5 5 
iteration: 7
-->pstar : 3.85997e-025
-->qstar : 1 1 1 2 2 2 2 2 2 3 3 3 3 4 4 4 4 4 4 4 4 4 4 4 4 4 4 4 4 4 4 4 4 4 4 4 5 5 5 5 5 5 5 5 5 5 5 5 
iteration: 8
-->pstar : 1.03245e-024
-->qstar : 1 1 1 2 2 2 2 2 2 3 3 3 3 4 4 4 4 4 4 4 4 4 4 4 4 4 4 4 4 4 4 4 4 4 4 4 5 5 5 5 5 5 5 5 5 5 5 5 
iteration: 9
-->pstar : 1.17267e-024
-->qstar : 1 1 1 2 2 2 2 2 2 3 3 3 3 4 4 4 4 4 4 4 4 4 4 4 4 4 4 4 4 4 4 4 4 4 4 4 5 5 5 5 5 5 5 5 5 5 5 5 
iteration: 10
-->pstar : 1.17131e-024
-->qstar : 1 1 1 2 2 2 2 2 2 3 3 3 3 3 3 3 4 4 4 4 4 4 4 4 4 4 4 4 4 4 4 4 4 4 4 4 5 5 5 5 5 5 5 5 5 5 5 5 
-------------------------------Final Model Lambda (Pi, A, B) after iterations 10--------------------------------
---------------A Matrix----------------
6.665534e-001   3.334466e-001   0.000000e+000   0.000000e+000   0.000000e+000   
0.000000e+000   8.272313e-001   1.727687e-001   0.000000e+000   0.000000e+000   
0.000000e+000   0.000000e+000   8.258571e-001   1.741429e-001   0.000000e+000   
0.000000e+000   0.000000e+000   0.000000e+000   9.534220e-001   4.657803e-002   
0.000000e+000   0.000000e+000   0.000000e+000   0.000000e+000   1.000000e+000   
---------------B Matrix----------------
6.450882e-004   1.000000e-030   1.000000e-030   1.000000e-030   1.000000e-030   1.000000e-030   1.000000e-030   1.000000e-030   6.668932e-001   2.966188e-064   1.000000e-030   1.000000e-030   1.000000e-030   1.000000e-030   1.000000e-030   1.000000e-030   3.324617e-001   1.000000e-030   1.000000e-030   1.000000e-030   1.000000e-030   1.000000e-030   1.063543e-186   1.000000e-030   1.000000e-030   1.000000e-030   1.000000e-030   1.000000e-030   1.000000e-030   1.000000e-030   1.000000e-030   1.000000e-030   
8.635095e-001   1.000000e-030   1.000000e-030   4.220843e-069   1.000000e-030   1.000000e-030   5.489457e-207   1.000000e-030   4.843570e-020   1.359731e-001   1.000000e-030   1.000000e-030   1.000000e-030   1.000000e-030   1.000000e-030   1.000000e-030   5.103005e-004   1.000000e-030   1.000000e-030   1.000000e-030   1.000000e-030   1.000000e-030   7.085794e-006   1.000000e-030   1.000000e-030   1.000000e-030   1.000000e-030   1.000000e-030   1.000000e-030   1.000000e-030   1.000000e-030   1.000000e-030   
1.905789e-011   1.000000e-030   1.000000e-030   2.663473e-001   9.229933e-067   3.992080e-201   5.422952e-010   1.000000e-030   1.000000e-030   3.708827e-002   1.000000e-030   1.000000e-030   1.000000e-030   1.000000e-030   1.000000e-030   1.000000e-030   5.196878e-254   1.000000e-030   1.000000e-030   1.000000e-030   1.000000e-030   1.000000e-030   6.965644e-001   1.000000e-030   1.000000e-030   1.000000e-030   1.000000e-030   1.000000e-030   1.000000e-030   1.000000e-030   1.000000e-030   1.000000e-030   
2.883336e-224   1.000000e-030   1.000000e-030   2.082282e-001   1.397341e-001   9.315607e-002   5.588816e-001   1.000000e-030   1.000000e-030   1.112218e-181   1.000000e-030   1.000000e-030   1.000000e-030   1.000000e-030   1.000000e-030   1.000000e-030   6.254657e-015   1.000000e-030   1.000000e-030   1.000000e-030   1.000000e-030   1.000000e-030   3.932553e-013   1.000000e-030   1.000000e-030   1.000000e-030   1.000000e-030   1.000000e-030   1.000000e-030   1.000000e-030   1.000000e-030   1.000000e-030   
1.000000e-030   1.000000e-030   1.000000e-030   2.971312e-058   1.000000e-030   4.737763e-147   1.069936e-004   1.000000e-030   9.089936e-002   3.635975e-001   1.000000e-030   1.000000e-030   1.000000e-030   1.000000e-030   1.000000e-030   1.000000e-030   5.453962e-001   1.000000e-030   1.000000e-030   1.000000e-030   1.000000e-030   1.000000e-030   1.000000e-030   1.000000e-030   1.000000e-030   1.000000e-030   1.000000e-030   1.000000e-030   1.000000e-030   1.000000e-030   1.000000e-030   1.000000e-030   
---------------Pi values----------------
1.000000e+000   0.000000e+000   0.000000e+000   0.000000e+000   0.000000e+000   
------------------------------------------------ opening file input/recordings/Digit 0/rec_14.txt ------------------------------------------------
->obs seq:    5   11    7    7    4   12   18    8    8    7    4    4    4    4    4    4    7    7    7   10   10   18   18   18   17    9    9    9    9    9    9    9    9    9    8 
iteration: 2
-->pstar : 3.34096e-056
-->qstar : 1 2 3 4 5 5 5 5 5 5 5 5 5 5 5 5 5 5 5 5 5 5 5 5 5 5 5 5 5 5 5 5 5 5 5 
iteration: 3
-->pstar : 6.24095e-028
-->qstar : 1 1 1 1 2 2 2 2 2 2 3 3 3 3 3 3 3 3 4 5 5 5 5 5 5 5 5 5 5 5 5 5 5 5 5 
iteration: 4
-->pstar : 5.60742e-029
-->qstar : 1 1 1 1 2 2 2 2 2 3 3 3 3 3 3 3 4 4 4 4 4 5 5 5 5 5 5 5 5 5 5 5 5 5 5 
-------------------------------Final Model Lambda (Pi, A, B) after iterations 4--------------------------------
---------------A Matrix----------------
7.011223e-001   2.988777e-001   0.000000e+000   0.000000e+000   0.000000e+000   
0.000000e+000   8.474717e-001   1.525283e-001   0.000000e+000   0.000000e+000   
0.000000e+000   0.000000e+000   8.538834e-001   1.461166e-001   0.000000e+000   
0.000000e+000   0.000000e+000   0.000000e+000   8.110530e-001   1.889470e-001   
0.000000e+000   0.000000e+000   0.000000e+000   0.000000e+000   1.000000e+000   
---------------B Matrix----------------
1.000000e-030   1.000000e-030   1.000000e-030   2.907723e-002   2.988777e-001   1.000000e-030   3.674712e-001   5.584514e-005   3.392556e-079   3.537533e-024   2.960702e-001   7.471174e-003   1.000000e-030   1.000000e-030   1.000000e-030   1.000000e-030   9.611060e-062   9.766260e-004   1.000000e-030   1.000000e-030   1.000000e-030   1.000000e-030   1.000000e-030   1.000000e-030   1.000000e-030   1.000000e-030   1.000000e-030   1.000000e-030   1.000000e-030   1.000000e-030   1.000000e-030   1.000000e-030   
1.000000e-030   1.000000e-030   1.000000e-030   2.270304e-001   1.000000e-030   1.000000e-030   2.024781e-001   2.708125e-001   1.460082e-033   1.996254e-008   1.432795e-003   1.483093e-001   1.000000e-030   1.000000e-030   1.000000e-030   1.000000e-030   1.013217e-024   1.499369e-001   1.000000e-030   1.000000e-030   1.000000e-030   1.000000e-030   1.000000e-030   1.000000e-030   1.000000e-030   1.000000e-030   1.000000e-030   1.000000e-030   1.000000e-030   1.000000e-030   1.000000e-030   1.000000e-030   
1.000000e-030   1.000000e-030   1.000000e-030   7.577874e-001   1.000000e-030   1.000000e-030   2.045570e-001   3.277711e-002   2.472082e-017   2.458897e-003   1.000000e-030   3.890638e-004   1.000000e-030   1.000000e-030   1.000000e-030   1.000000e-030   1.909648e-012   2.030507e-003   1.000000e-030   1.000000e-030   1.000000e-030   1.000000e-030   1.000000e-030   1.000000e-030   1.000000e-030   1.000000e-030   1.000000e-030   1.000000e-030   1.000000e-030   1.000000e-030   1.000000e-030   1.000000e-030   
1.000000e-030   1.000000e-030   1.000000e-030   4.309531e-002   1.000000e-030   1.000000e-030   3.858500e-001   1.464467e-007   2.625831e-005   3.516008e-001   1.000000e-030   1.216719e-012   1.000000e-030   1.000000e-030   1.000000e-030   1.000000e-030   4.381722e-003   2.150458e-001   1.000000e-030   1.000000e-030   1.000000e-030   1.000000e-030   1.000000e-030   1.000000e-030   1.000000e-030   1.000000e-030   1.000000e-030   1.000000e-030   1.000000e-030   1.000000e-030   1.000000e-030   1.000000e-030   
1.000000e-030   1.000000e-030   1.000000e-030   5.972463e-011   1.000000e-030   1.000000e-030   7.963276e-005   5.996069e-037   7.523930e-001   1.022664e-002   1.000000e-030   1.899180e-054   1.000000e-030   1.000000e-030   1.000000e-030   1.000000e-030   8.166180e-002   1.556389e-001   1.000000e-030   1.000000e-030   1.000000e-030   1.000000e-030   1.000000e-030   1.000000e-030   1.000000e-030   1.000000e-030   1.000000e-030   1.000000e-030   1.000000e-030   1.000000e-030   1.000000e-030   1.000000e-030   
---------------Pi values----------------
1.000000e+000   0.000000e+000   0.000000e+000   0.000000e+000   0.000000e+000   
------------------------------------------------ opening file input/recordings/Digit 0/rec_15.txt ------------------------------------------------
->obs seq:   12    9    1   10    1   23   23   23   23    7    7    6    7    7    7    7   11    8    8   10   17   17   17   17   10   10   10   10   17   17   10   19   17    9    8 
iteration: 2
-->pstar : 3.34096e-056
-->qstar : 1 2 3 4 5 5 5 5 5 5 5 5 5 5 5 5 5 5 5 5 5 5 5 5 5 5 5 5 5 5 5 5 5 5 5 
iteration: 3
-->pstar : 6.09571e-028
-->qstar : 1 1 1 1 1 2 2 2 2 3 3 3 3 3 3 3 4 4 4 5 5 5 5 5 5 5 5 5 5 5 5 5 5 5 5 
iteration: 4
-->pstar : 1.27742e-021
-->qstar : 1 1 1 1 1 2 2 2 2 3 3 3 3 3 3 3 4 4 4 5 5 5 5 5 5 5 5 5 5 5 5 5 5 5 5 
iteration: 5
-->pstar : 6.08202e-020
-->qstar : 1 1 1 1 1 2 2 2 2 3 3 3 3 3 3 3 4 4 4 5 5 5 5 5 5 5 5 5 5 5 5 5 5 5 5 
iteration: 6
-->pstar : 6.49472e-020
-->qstar : 1 1 1 1 1 2 2 2 2 3 3 3 3 3 3 3 4 4 4 5 5 5 5 5 5 5 5 5 5 5 5 5 5 5 5 
iteration: 7
-->pstar : 1.86387e-020
-->qstar : 1 1 1 1 1 2 2 2 2 3 3 3 3 3 3 3 4 4 4 5 5 5 5 5 5 5 5 5 5 5 5 5 5 5 5 
-------------------------------Final Model Lambda (Pi, A, B) after iterations 7--------------------------------
---------------A Matrix----------------
7.967749e-001   2.032251e-001   0.000000e+000   0.000000e+000   0.000000e+000   
0.000000e+000   7.550661e-001   2.449339e-001   0.000000e+000   0.000000e+000   
0.000000e+000   0.000000e+000   8.567156e-001   1.432844e-001   0.000000e+000   
0.000000e+000   0.000000e+000   0.000000e+000   6.699868e-001   3.300132e-001   
0.000000e+000   0.000000e+000   0.000000e+000   0.000000e+000   1.000000e+000   
---------------B Matrix----------------
3.902378e-001   1.000000e-030   1.000000e-030   1.000000e-030   1.000000e-030   2.843142e-142   1.880731e-041   1.000000e-030   2.032251e-001   2.030682e-001   1.000000e-030   2.032251e-001   1.000000e-030   1.000000e-030   1.000000e-030   1.000000e-030   1.000000e-030   1.000000e-030   1.000000e-030   1.000000e-030   1.000000e-030   1.000000e-030   2.437402e-004   1.000000e-030   1.000000e-030   1.000000e-030   1.000000e-030   1.000000e-030   1.000000e-030   1.000000e-030   1.000000e-030   1.000000e-030   
1.953982e-002   1.000000e-030   1.000000e-030   1.000000e-030   1.000000e-030   3.373794e-013   1.165136e-003   3.936466e-145   2.800585e-013   1.891327e-004   1.323640e-067   1.000000e-030   1.000000e-030   1.000000e-030   1.000000e-030   1.000000e-030   1.000000e-030   1.000000e-030   1.000000e-030   1.000000e-030   1.000000e-030   1.000000e-030   9.791059e-001   1.000000e-030   1.000000e-030   1.000000e-030   1.000000e-030   1.000000e-030   1.000000e-030   1.000000e-030   1.000000e-030   1.000000e-030   
1.464558e-037   1.000000e-030   1.000000e-030   1.000000e-030   1.000000e-030   1.432844e-001   8.540071e-001   1.076792e-009   1.000000e-030   8.813782e-053   2.511927e-003   1.000000e-030   1.000000e-030   1.000000e-030   1.000000e-030   1.000000e-030   4.923660e-110   1.000000e-030   1.000000e-030   1.000000e-030   1.000000e-030   1.000000e-030   1.965962e-004   1.000000e-030   1.000000e-030   1.000000e-030   1.000000e-030   1.000000e-030   1.000000e-030   1.000000e-030   1.000000e-030   1.000000e-030   
3.752816e-294   1.000000e-030   1.000000e-030   1.000000e-030   1.000000e-030   1.458222e-014   1.155678e-002   6.597331e-001   5.938191e-247   4.482455e-003   3.242277e-001   1.000000e-030   1.000000e-030   1.000000e-030   1.000000e-030   1.000000e-030   5.667419e-009   1.000000e-030   4.474320e-117   1.000000e-030   1.000000e-030   1.000000e-030   2.604824e-046   1.000000e-030   1.000000e-030   1.000000e-030   1.000000e-030   1.000000e-030   1.000000e-030   1.000000e-030   1.000000e-030   1.000000e-030   
1.000000e-030   1.000000e-030   1.000000e-030   1.000000e-030   1.000000e-030   4.233657e-260   1.757745e-051   5.928333e-005   6.672313e-002   3.994325e-001   6.430914e-023   1.000000e-030   1.000000e-030   1.000000e-030   1.000000e-030   1.000000e-030   4.670619e-001   1.000000e-030   6.672313e-002   1.000000e-030   1.000000e-030   1.000000e-030   1.000000e-030   1.000000e-030   1.000000e-030   1.000000e-030   1.000000e-030   1.000000e-030   1.000000e-030   1.000000e-030   1.000000e-030   1.000000e-030   
---------------Pi values----------------
1.000000e+000   0.000000e+000   0.000000e+000   0.000000e+000   0.000000e+000   
------------------------------------------------ opening file input/recordings/Digit 0/rec_16.txt ------------------------------------------------
->obs seq:   24   23    3    1    1    4    4   23   23   23   23    4   11    4    4    4    4    4    4    7    7    9   10   17   17   17   17   17   17   17   17   17   10    9    8 
iteration: 2
-->pstar : 3.34096e-056
-->qstar : 1 2 3 4 5 5 5 5 5 5 5 5 5 5 5 5 5 5 5 5 5 5 5 5 5 5 5 5 5 5 5 5 5 5 5 
iteration: 3
-->pstar : 3.11358e-054
-->qstar : 1 1 1 1 1 2 2 2 2 2 2 3 3 3 3 3 3 3 3 4 5 5 5 5 5 5 5 5 5 5 5 5 5 5 5 
iteration: 4
-->pstar : 1.74615e-049
-->qstar : 1 1 1 1 1 2 2 2 2 2 2 3 3 3 3 3 3 3 3 4 4 5 5 5 5 5 5 5 5 5 5 5 5 5 5 
iteration: 5
-->pstar : 3.87862e-048
-->qstar : 1 1 1 1 1 2 2 2 2 2 2 3 3 3 3 3 3 3 3 4 4 5 5 5 5 5 5 5 5 5 5 5 5 5 5 
iteration: 6
-->pstar : 3.39609e-047
-->qstar : 1 1 1 1 1 2 2 2 2 2 2 3 3 3 3 3 3 3 3 4 4 5 5 5 5 5 5 5 5 5 5 5 5 5 5 
iteration: 7
-->pstar : 1.74391e-046
-->qstar : 1 1 1 1 1 2 2 2 2 2 2 3 3 3 3 3 3 3 3 4 4 5 5 5 5 5 5 5 5 5 5 5 5 5 5 
iteration: 8
-->pstar : 5.09438e-046
-->qstar : 1 1 1 1 1 2 2 2 2 2 2 3 3 3 3 3 3 3 3 4 4 5 5 5 5 5 5 5 5 5 5 5 5 5 5 
iteration: 9
-->pstar : 9.42284e-046
-->qstar : 1 1 1 1 1 2 2 2 2 2 2 3 3 3 3 3 3 3 3 4 4 5 5 5 5 5 5 5 5 5 5 5 5 5 5 
iteration: 10
-->pstar : 1.2162e-045
-->qstar : 1 1 1 1 1 2 2 2 2 2 2 3 3 3 3 3 3 3 3 4 4 5 5 5 5 5 5 5 5 5 5 5 5 5 5 
iteration: 11
-->pstar : 1.28976e-045
-->qstar : 1 1 1 1 1 2 2 2 2 2 2 3 3 3 3 3 3 3 3 4 4 5 5 5 5 5 5 5 5 5 5 5 5 5 5 
iteration: 12
-->pstar : 1.26629e-045
-->qstar : 1 1 1 1 1 2 2 2 2 2 2 3 3 3 3 3 3 3 3 4 4 5 5 5 5 5 5 5 5 5 5 5 5 5 5 
-------------------------------Final Model Lambda (Pi, A, B) after iterations 12--------------------------------
---------------A Matrix----------------
7.998953e-001   2.001047e-001   0.000000e+000   0.000000e+000   0.000000e+000   
0.000000e+000   8.410432e-001   1.589568e-001   0.000000e+000   0.000000e+000   
0.000000e+000   0.000000e+000   8.702344e-001   1.297656e-001   0.000000e+000   
0.000000e+000   0.000000e+000   0.000000e+000   5.824541e-001   4.175459e-001   
0.000000e+000   0.000000e+000   0.000000e+000   0.000000e+000   1.000000e+000   
---------------B Matrix----------------
3.995833e-001   1.000000e-030   2.001047e-001   1.025803e-004   1.000000e-030   1.000000e-030   1.000000e-030   1.000000e-030   1.000000e-030   1.000000e-030   1.559141e-082   1.000000e-030   1.000000e-030   1.000000e-030   1.000000e-030   1.000000e-030   1.000000e-030   1.000000e-030   1.000000e-030   1.000000e-030   1.000000e-030   1.000000e-030   2.001047e-001   2.001047e-001   1.000000e-030   1.000000e-030   1.000000e-030   1.000000e-030   1.000000e-030   1.000000e-030   1.000000e-030   1.000000e-030   
4.973256e-004   1.000000e-030   8.046753e-020   3.636224e-001   1.000000e-030   1.000000e-030   3.784633e-106   1.000000e-030   1.000000e-030   1.000000e-030   5.359973e-005   1.000000e-030   1.000000e-030   1.000000e-030   1.000000e-030   1.000000e-030   1.000000e-030   1.000000e-030   1.000000e-030   1.000000e-030   1.000000e-030   1.000000e-030   6.358267e-001   1.000000e-030   1.000000e-030   1.000000e-030   1.000000e-030   1.000000e-030   1.000000e-030   1.000000e-030   1.000000e-030   1.000000e-030   
2.769357e-102   1.000000e-030   2.140606e-205   8.702778e-001   1.000000e-030   1.000000e-030   1.032338e-009   1.000000e-030   4.476325e-135   1.000000e-030   1.297219e-001   1.000000e-030   1.000000e-030   1.000000e-030   1.000000e-030   1.000000e-030   1.000000e-030   1.000000e-030   1.000000e-030   1.000000e-030   1.000000e-030   1.000000e-030   3.046235e-007   1.000000e-030   1.000000e-030   1.000000e-030   1.000000e-030   1.000000e-030   1.000000e-030   1.000000e-030   1.000000e-030   1.000000e-030   
1.000000e-030   1.000000e-030   1.000000e-030   2.252715e-003   1.000000e-030   1.000000e-030   8.350918e-001   1.000000e-030   1.626553e-001   1.802575e-007   3.866401e-047   1.000000e-030   1.000000e-030   1.000000e-030   1.000000e-030   1.000000e-030   3.149207e-049   1.000000e-030   1.000000e-030   1.000000e-030   1.000000e-030   1.000000e-030   8.741188e-173   1.000000e-030   1.000000e-030   1.000000e-030   1.000000e-030   1.000000e-030   1.000000e-030   1.000000e-030   1.000000e-030   1.000000e-030   
1.000000e-030   1.000000e-030   1.000000e-030   1.055743e-080   1.000000e-030   1.000000e-030   6.188410e-009   1.000000e-030   1.277075e-001   1.585986e-001   1.000000e-030   1.000000e-030   1.000000e-030   1.000000e-030   1.000000e-030   1.000000e-030   7.136939e-001   1.000000e-030   1.000000e-030   1.000000e-030   1.000000e-030   1.000000e-030   1.000000e-030   1.000000e-030   1.000000e-030   1.000000e-030   1.000000e-030   1.000000e-030   1.000000e-030   1.000000e-030   1.000000e-030   1.000000e-030   
---------------Pi values----------------
1.000000e+000   0.000000e+000   0.000000e+000   0.000000e+000   0.000000e+000   
------------------------------------------------ opening file input/recordings/Digit 0/rec_17.txt ------------------------------------------------
->obs seq:   13   13    7    9   11   11   12   12   12   23   12    7   11    7    4    4    4    4    4    4    7    7    7   10   17   17   17   17    9   10   17    9   11   12    8 
iteration: 2
-->pstar : 3.34096e-056
-->qstar : 1 2 3 4 5 5 5 5 5 5 5 5 5 5 5 5 5 5 5 5 5 5 5 5 5 5 5 5 5 5 5 5 5 5 5 
iteration: 3
-->pstar : 8.46703e-059
-->qstar : 1 1 1 1 2 2 2 2 2 2 2 2 2 3 4 4 4 4 4 4 4 4 4 5 5 5 5 5 5 5 5 5 5 5 5 
-------------------------------Final Model Lambda (Pi, A, B) after iterations 3--------------------------------
---------------A Matrix----------------
7.576541e-001   2.423459e-001   0.000000e+000   0.000000e+000   0.000000e+000   
0.000000e+000   8.326500e-001   1.673500e-001   0.000000e+000   0.000000e+000   
0.000000e+000   0.000000e+000   7.969883e-001   2.030117e-001   0.000000e+000   
0.000000e+000   0.000000e+000   0.000000e+000   8.394133e-001   1.605867e-001   
0.000000e+000   0.000000e+000   0.000000e+000   0.000000e+000   1.000000e+000   
---------------B Matrix----------------
1.000000e-030   1.000000e-030   1.000000e-030   3.623848e-006   1.000000e-030   1.000000e-030   1.889422e-001   1.000000e-030   1.449712e-001   1.641249e-016   1.443487e-001   4.076204e-002   4.792103e-001   1.000000e-030   1.000000e-030   1.000000e-030   1.568176e-018   1.000000e-030   1.000000e-030   1.000000e-030   1.000000e-030   1.000000e-030   1.762007e-003   1.000000e-030   1.000000e-030   1.000000e-030   1.000000e-030   1.000000e-030   1.000000e-030   1.000000e-030   1.000000e-030   1.000000e-030   
1.000000e-030   1.000000e-030   1.000000e-030   1.143890e-002   1.000000e-030   1.000000e-030   1.123707e-001   1.000000e-030   6.665134e-002   2.042616e-008   2.631631e-001   4.480329e-001   3.785239e-003   1.000000e-030   1.000000e-030   1.000000e-030   1.225325e-009   1.000000e-030   1.000000e-030   1.000000e-030   1.000000e-030   1.000000e-030   9.455778e-002   1.000000e-030   1.000000e-030   1.000000e-030   1.000000e-030   1.000000e-030   1.000000e-030   1.000000e-030   1.000000e-030   1.000000e-030   
1.000000e-030   1.000000e-030   1.000000e-030   3.151601e-001   1.000000e-030   1.000000e-030   2.430715e-001   1.000000e-030   7.157148e-004   2.072751e-004   1.335025e-001   2.239510e-001   1.000000e-030   1.000000e-030   1.000000e-030   1.000000e-030   4.461758e-005   1.000000e-030   1.000000e-030   1.000000e-030   1.000000e-030   1.000000e-030   8.334740e-002   1.000000e-030   1.000000e-030   1.000000e-030   1.000000e-030   1.000000e-030   1.000000e-030   1.000000e-030   1.000000e-030   1.000000e-030   
1.000000e-030   1.000000e-030   1.000000e-030   6.257725e-001   1.000000e-030   1.000000e-030   3.007184e-001   1.000000e-030   1.462775e-004   2.189962e-002   2.757067e-002   8.240761e-003   1.000000e-030   1.000000e-030   1.000000e-030   1.000000e-030   1.290094e-002   1.000000e-030   1.000000e-030   1.000000e-030   1.000000e-030   1.000000e-030   2.750839e-003   1.000000e-030   1.000000e-030   1.000000e-030   1.000000e-030   1.000000e-030   1.000000e-030   1.000000e-030   1.000000e-030   1.000000e-030   
1.000000e-030   1.000000e-030   1.000000e-030   3.787172e-002   1.000000e-030   1.000000e-030   1.160456e-001   1.000000e-030   1.568452e-001   1.461377e-001   7.865867e-002   7.846814e-002   1.000000e-030   1.000000e-030   1.000000e-030   1.000000e-030   3.859717e-001   1.000000e-030   1.000000e-030   1.000000e-030   1.000000e-030   1.000000e-030   1.256426e-006   1.000000e-030   1.000000e-030   1.000000e-030   1.000000e-030   1.000000e-030   1.000000e-030   1.000000e-030   1.000000e-030   1.000000e-030   
---------------Pi values----------------
1.000000e+000   0.000000e+000   0.000000e+000   0.000000e+000   0.000000e+000   
------------------------------------------------ opening file input/recordings/Digit 0/rec_18.txt ------------------------------------------------
->obs seq:   20   19    7   14    9    1    1    4   12    4   12   29    7    4    4    4    7    4    7    7    7    9   10   10   17   17   17   17   10    9   11    9    9   16    8 
iteration: 2
-->pstar : 3.34096e-056
-->qstar : 1 2 3 4 5 5 5 5 5 5 5 5 5 5 5 5 5 5 5 5 5 5 5 5 5 5 5 5 5 5 5 5 5 5 5 
iteration: 3
-->pstar : 1.86813e-060
-->qstar : 1 1 1 1 2 2 2 3 3 3 3 3 3 3 3 3 4 4 4 4 4 5 5 5 5 5 5 5 5 5 5 5 5 5 5 
-------------------------------Final Model Lambda (Pi, A, B) after iterations 3--------------------------------
---------------A Matrix----------------
7.528520e-001   2.471480e-001   0.000000e+000   0.000000e+000   0.000000e+000   
0.000000e+000   8.055905e-001   1.944095e-001   0.000000e+000   0.000000e+000   
0.000000e+000   0.000000e+000   8.331322e-001   1.668678e-001   0.000000e+000   
0.000000e+000   0.000000e+000   0.000000e+000   8.031310e-001   1.968690e-001   
0.000000e+000   0.000000e+000   0.000000e+000   0.000000e+000   1.000000e+000   
---------------B Matrix----------------
7.486164e-002   1.000000e-030   1.000000e-030   8.166846e-003   1.000000e-030   1.000000e-030   1.894476e-001   1.000000e-030   9.465859e-002   1.144733e-013   1.386358e-026   2.601553e-003   1.000000e-030   1.476202e-001   1.000000e-030   8.143022e-028   1.332731e-017   1.000000e-030   2.354350e-001   2.471480e-001   1.000000e-030   1.000000e-030   1.000000e-030   1.000000e-030   1.000000e-030   1.000000e-030   1.000000e-030   1.000000e-030   6.054819e-005   1.000000e-030   1.000000e-030   1.000000e-030   
2.909743e-001   1.000000e-030   1.000000e-030   2.349302e-001   1.000000e-030   1.000000e-030   7.249646e-002   1.000000e-030   1.157627e-001   4.459388e-007   1.552912e-015   1.611602e-001   1.000000e-030   7.764224e-002   1.000000e-030   2.779544e-016   2.084034e-009   1.000000e-030   9.213539e-003   1.000000e-030   1.000000e-030   1.000000e-030   1.000000e-030   1.000000e-030   1.000000e-030   1.000000e-030   1.000000e-030   1.000000e-030   3.781992e-002   1.000000e-030   1.000000e-030   1.000000e-030   
3.334846e-002   1.000000e-030   1.000000e-030   4.617318e-001   1.000000e-030   1.000000e-030   2.043140e-001   1.000000e-030   4.777379e-003   3.464821e-004   6.034205e-010   1.810860e-001   1.000000e-030   5.557271e-004   1.000000e-030   5.713508e-011   1.581609e-005   1.000000e-030   1.000000e-030   1.000000e-030   1.000000e-030   1.000000e-030   1.000000e-030   1.000000e-030   1.000000e-030   1.000000e-030   1.000000e-030   1.000000e-030   1.138243e-001   1.000000e-030   1.000000e-030   1.000000e-030   
1.062920e-004   1.000000e-030   1.000000e-030   3.742265e-001   1.000000e-030   1.000000e-030   5.133742e-001   1.000000e-030   3.824689e-002   2.858271e-002   9.092519e-006   1.482150e-002   1.000000e-030   3.131599e-008   1.000000e-030   4.795002e-007   6.412923e-003   1.000000e-030   1.000000e-030   1.000000e-030   1.000000e-030   1.000000e-030   1.000000e-030   1.000000e-030   1.000000e-030   1.000000e-030   1.000000e-030   1.000000e-030   2.421938e-002   1.000000e-030   1.000000e-030   1.000000e-030   
2.827765e-012   1.000000e-030   1.000000e-030   6.593958e-003   1.000000e-030   1.000000e-030   7.486389e-002   1.000000e-030   2.765099e-001   2.076562e-001   7.278860e-002   5.886568e-007   1.000000e-030   1.000000e-030   1.000000e-030   7.279179e-002   2.887898e-001   1.000000e-030   1.000000e-030   1.000000e-030   1.000000e-030   1.000000e-030   1.000000e-030   1.000000e-030   1.000000e-030   1.000000e-030   1.000000e-030   1.000000e-030   5.262482e-006   1.000000e-030   1.000000e-030   1.000000e-030   
---------------Pi values----------------
1.000000e+000   0.000000e+000   0.000000e+000   0.000000e+000   0.000000e+000   
------------------------------------------------ opening file input/recordings/Digit 0/rec_19.txt ------------------------------------------------
->obs seq:   13   12   14   12   12    2    9   11   10   23   23   23    7    4    4    4    4    7    7    7    7   10   10   17   10   17   17    9    9   17    9   11   12   12    8 
iteration: 2
-->pstar : 3.34096e-056
-->qstar : 1 2 3 4 5 5 5 5 5 5 5 5 5 5 5 5 5 5 5 5 5 5 5 5 5 5 5 5 5 5 5 5 5 5 5 
iteration: 3
-->pstar : 9.83503e-061
-->qstar : 1 1 1 1 1 2 2 2 3 3 3 3 4 4 4 4 4 4 4 4 4 5 5 5 5 5 5 5 5 5 5 5 5 5 5 
-------------------------------Final Model Lambda (Pi, A, B) after iterations 3--------------------------------
---------------A Matrix----------------
7.936456e-001   2.063544e-001   0.000000e+000   0.000000e+000   0.000000e+000   
0.000000e+000   7.494212e-001   2.505788e-001   0.000000e+000   0.000000e+000   
0.000000e+000   0.000000e+000   8.151756e-001   1.848244e-001   0.000000e+000   
0.000000e+000   0.000000e+000   0.000000e+000   8.469872e-001   1.530128e-001   
0.000000e+000   0.000000e+000   0.000000e+000   0.000000e+000   1.000000e+000   
---------------B Matrix----------------
1.000000e-030   6.880958e-002   1.000000e-030   3.731193e-007   1.000000e-030   1.000000e-030   2.864424e-006   1.000000e-030   2.939738e-002   2.824439e-003   1.025163e-002   4.932645e-001   2.063544e-001   1.882286e-001   1.000000e-030   1.000000e-030   4.853813e-019   1.000000e-030   1.000000e-030   1.000000e-030   1.000000e-030   1.000000e-030   8.661664e-004   1.000000e-030   1.000000e-030   1.000000e-030   1.000000e-030   1.000000e-030   1.000000e-030   1.000000e-030   1.000000e-030   1.000000e-030   
1.000000e-030   1.582449e-001   1.000000e-030   9.986167e-003   1.000000e-030   1.000000e-030   1.388850e-002   1.000000e-030   1.801940e-001   1.234849e-001   1.652206e-001   1.512829e-001   1.000000e-030   2.200319e-002   1.000000e-030   1.000000e-030   9.802855e-009   1.000000e-030   1.000000e-030   1.000000e-030   1.000000e-030   1.000000e-030   1.756949e-001   1.000000e-030   1.000000e-030   1.000000e-030   1.000000e-030   1.000000e-030   1.000000e-030   1.000000e-030   1.000000e-030   1.000000e-030   
1.000000e-030   6.464835e-003   1.000000e-030   2.842122e-001   1.000000e-030   1.000000e-030   1.748287e-001   1.000000e-030   2.535135e-002   8.997371e-002   5.265030e-002   1.088330e-003   1.000000e-030   5.343892e-006   1.000000e-030   1.000000e-030   2.364287e-004   1.000000e-030   1.000000e-030   1.000000e-030   1.000000e-030   1.000000e-030   3.651887e-001   1.000000e-030   1.000000e-030   1.000000e-030   1.000000e-030   1.000000e-030   1.000000e-030   1.000000e-030   1.000000e-030   1.000000e-030   
1.000000e-030   7.784402e-006   1.000000e-030   3.592299e-001   1.000000e-030   1.000000e-030   4.579435e-001   1.000000e-030   1.068648e-003   1.079875e-001   9.473573e-004   6.763563e-006   1.000000e-030   1.000000e-030   1.000000e-030   1.000000e-030   2.405260e-002   1.000000e-030   1.000000e-030   1.000000e-030   1.000000e-030   1.000000e-030   4.875596e-002   1.000000e-030   1.000000e-030   1.000000e-030   1.000000e-030   1.000000e-030   1.000000e-030   1.000000e-030   1.000000e-030   1.000000e-030   
1.000000e-030   6.880291e-012   1.000000e-030   5.653154e-003   1.000000e-030   1.000000e-030   7.609945e-002   1.000000e-030   2.265417e-001   1.740875e-001   7.565109e-002   1.513132e-001   1.000000e-030   1.000000e-030   1.000000e-030   1.000000e-030   2.906431e-001   1.000000e-030   1.000000e-030   1.000000e-030   1.000000e-030   1.000000e-030   1.077126e-005   1.000000e-030   1.000000e-030   1.000000e-030   1.000000e-030   1.000000e-030   1.000000e-030   1.000000e-030   1.000000e-030   1.000000e-030   
---------------Pi values----------------
1.000000e+000   0.000000e+000   0.000000e+000   0.000000e+000   0.000000e+000   
------------------------------------------------ opening file input/recordings/Digit 0/rec_20.txt ------------------------------------------------
->obs seq:   11   17    9    9    9   10   10    9    9   10   29   18   23   12   11   11    4   11    4    4    4    4    7    7    7   10    9    9   10   10   10   17   17   10    8 
iteration: 2
-->pstar : 3.34096e-056
-->qstar : 1 2 3 4 5 5 5 5 5 5 5 5 5 5 5 5 5 5 5 5 5 5 5 5 5 5 5 5 5 5 5 5 5 5 5 
iteration: 3
-->pstar : 5.98628e-060
-->qstar : 1 1 1 1 1 2 2 2 2 2 3 3 3 3 4 4 4 4 4 4 4 4 5 5 5 5 5 5 5 5 5 5 5 5 5 
-------------------------------Final Model Lambda (Pi, A, B) after iterations 3--------------------------------
---------------A Matrix----------------
7.779344e-001   2.220656e-001   0.000000e+000   0.000000e+000   0.000000e+000   
0.000000e+000   8.175093e-001   1.824907e-001   0.000000e+000   0.000000e+000   
0.000000e+000   0.000000e+000   7.786394e-001   2.213606e-001   0.000000e+000   
0.000000e+000   0.000000e+000   0.000000e+000   8.313177e-001   1.686823e-001   
0.000000e+000   0.000000e+000   0.000000e+000   0.000000e+000   1.000000e+000   
---------------B Matrix----------------
1.000000e-030   1.000000e-030   1.000000e-030   1.758200e-007   1.000000e-030   1.000000e-030   9.844984e-015   1.000000e-030   4.569823e-001   1.073609e-001   2.220717e-001   6.497509e-006   1.000000e-030   1.000000e-030   1.000000e-030   1.000000e-030   2.123217e-001   1.822289e-004   1.000000e-030   1.000000e-030   1.000000e-030   1.000000e-030   2.814861e-005   1.000000e-030   1.000000e-030   1.000000e-030   1.000000e-030   1.000000e-030   1.046406e-003   1.000000e-030   1.000000e-030   1.000000e-030   
1.000000e-030   1.000000e-030   1.000000e-030   3.000883e-004   1.000000e-030   1.000000e-030   2.103115e-008   1.000000e-030   4.748689e-001   3.698177e-001   4.207100e-003   8.712812e-003   1.000000e-030   1.000000e-030   1.000000e-030   1.000000e-030   8.007386e-003   4.144765e-002   1.000000e-030   1.000000e-030   1.000000e-030   1.000000e-030   2.053712e-002   1.000000e-030   1.000000e-030   1.000000e-030   1.000000e-030   1.000000e-030   7.210118e-002   1.000000e-030   1.000000e-030   1.000000e-030   
1.000000e-030   1.000000e-030   1.000000e-030   7.108300e-002   1.000000e-030   1.000000e-030   6.382599e-004   1.000000e-030   7.368327e-002   1.045387e-001   1.998427e-001   1.310590e-001   1.000000e-030   1.000000e-030   1.000000e-030   1.000000e-030   4.191590e-007   1.471577e-001   1.000000e-030   1.000000e-030   1.000000e-030   1.000000e-030   1.489920e-001   1.000000e-030   1.000000e-030   1.000000e-030   1.000000e-030   1.000000e-030   1.230050e-001   1.000000e-030   1.000000e-030   1.000000e-030   
1.000000e-030   1.000000e-030   1.000000e-030   4.757672e-001   1.000000e-030   1.000000e-030   6.523377e-002   1.000000e-030   7.546308e-003   1.077809e-002   3.186510e-001   6.031437e-002   1.000000e-030   1.000000e-030   1.000000e-030   1.000000e-030   4.552148e-005   1.808593e-002   1.000000e-030   1.000000e-030   1.000000e-030   1.000000e-030   3.607004e-002   1.000000e-030   1.000000e-030   1.000000e-030   1.000000e-030   1.000000e-030   7.507722e-003   1.000000e-030   1.000000e-030   1.000000e-030   
1.000000e-030   1.000000e-030   1.000000e-030   1.368202e-001   1.000000e-030   1.000000e-030   1.923445e-001   1.000000e-030   1.445951e-001   3.650208e-001   1.364201e-002   1.929549e-004   1.000000e-030   1.000000e-030   1.000000e-030   1.000000e-030   1.473474e-001   4.120526e-006   1.000000e-030   1.000000e-030   1.000000e-030   1.000000e-030   3.214897e-005   1.000000e-030   1.000000e-030   1.000000e-030   1.000000e-030   1.000000e-030   7.279692e-007   1.000000e-030   1.000000e-030   1.000000e-030   
---------------Pi values----------------
1.000000e+000   0.000000e+000   0.000000e+000   0.000000e+000   0.000000e+000   
------------------------------------------------ opening file input/recordings/Digit 0/rec_21.txt ------------------------------------------------
->obs seq:   31   30   30   31   20   14   32   30   19   23   23   23    4    4    4    4    4    4    7    8    8   23   17   17   17   17   17   10   18   17   17   18   18   18    8 
iteration: 2
-->pstar : 3.34096e-056
-->qstar : 1 2 3 4 5 5 5 5 5 5 5 5 5 5 5 5 5 5 5 5 5 5 5 5 5 5 5 5 5 5 5 5 5 5 5 
iteration: 3
-->pstar : 1.87076e-029
-->qstar : 1 1 1 1 2 2 2 2 2 3 3 3 4 4 4 4 4 4 4 4 4 4 5 5 5 5 5 5 5 5 5 5 5 5 5 
iteration: 4
-->pstar : 5.91489e-024
-->qstar : 1 1 1 1 1 2 2 2 2 3 3 3 4 4 4 4 4 4 4 4 4 4 5 5 5 5 5 5 5 5 5 5 5 5 5 
iteration: 5
-->pstar : 2.72517e-023
-->qstar : 1 1 1 1 1 2 2 2 2 3 3 3 3 3 3 3 3 3 4 4 4 4 5 5 5 5 5 5 5 5 5 5 5 5 5 
iteration: 6
-->pstar : 1.17513e-023
-->qstar : 1 1 1 1 1 2 2 2 2 3 3 3 3 3 3 3 3 3 4 4 4 4 5 5 5 5 5 5 5 5 5 5 5 5 5 
-------------------------------Final Model Lambda (Pi, A, B) after iterations 6--------------------------------
---------------A Matrix----------------
8.224013e-001   1.775987e-001   0.000000e+000   0.000000e+000   0.000000e+000   
0.000000e+000   7.326440e-001   2.673560e-001   0.000000e+000   0.000000e+000   
0.000000e+000   0.000000e+000   8.478677e-001   1.521323e-001   0.000000e+000   
0.000000e+000   0.000000e+000   0.000000e+000   8.297043e-001   1.702957e-001   
0.000000e+000   0.000000e+000   0.000000e+000   0.000000e+000   1.000000e+000   
---------------B Matrix----------------
1.000000e-030   1.000000e-030   1.000000e-030   8.809061e-073   1.000000e-030   1.000000e-030   1.000000e-030   1.000000e-030   1.000000e-030   1.000000e-030   1.000000e-030   1.000000e-030   1.000000e-030   8.204553e-002   1.000000e-030   1.000000e-030   1.000000e-030   1.000000e-030   1.336183e-006   1.611531e-001   1.000000e-030   1.000000e-030   2.499763e-015   1.000000e-030   1.000000e-030   1.000000e-030   1.000000e-030   1.000000e-030   1.000000e-030   3.733308e-001   3.551359e-001   2.833338e-002   
1.000000e-030   1.000000e-030   1.000000e-030   1.351242e-007   1.000000e-030   1.000000e-030   2.048746e-071   3.980521e-125   1.000000e-030   1.000000e-030   1.000000e-030   1.000000e-030   1.000000e-030   1.438452e-001   1.000000e-030   1.000000e-030   5.822155e-308   1.000000e-030   2.597737e-001   2.475724e-002   1.000000e-030   1.000000e-030   1.067734e-001   1.000000e-030   1.000000e-030   1.000000e-030   1.000000e-030   1.000000e-030   1.000000e-030   2.400545e-001   9.272063e-005   2.247031e-001   
1.000000e-030   1.000000e-030   1.000000e-030   6.029317e-001   1.000000e-030   1.000000e-030   1.892772e-004   3.313947e-010   1.000000e-030   3.020291e-233   1.000000e-030   1.000000e-030   1.000000e-030   8.809644e-027   1.000000e-030   1.000000e-030   2.617810e-037   1.000000e-030   4.313354e-003   2.086600e-051   1.000000e-030   1.000000e-030   3.925635e-001   1.000000e-030   1.000000e-030   1.000000e-030   1.000000e-030   1.000000e-030   1.000000e-030   2.120060e-006   1.558133e-083   2.166651e-013   
1.000000e-030   1.000000e-030   1.000000e-030   3.468573e-001   1.000000e-030   1.000000e-030   1.700839e-001   3.404402e-001   1.000000e-030   6.746765e-032   1.000000e-030   1.000000e-030   1.000000e-030   3.676437e-174   1.000000e-030   1.000000e-030   3.190896e-004   9.949180e-062   1.798183e-019   1.913500e-284   1.000000e-030   1.000000e-030   1.422996e-001   1.000000e-030   1.000000e-030   1.000000e-030   1.000000e-030   1.000000e-030   1.000000e-030   2.146342e-046   1.000000e-030   4.790204e-094   
1.000000e-030   1.000000e-030   1.000000e-030   5.695037e-025   1.000000e-030   1.000000e-030   2.172068e-013   7.292194e-005   1.000000e-030   8.207731e-002   1.000000e-030   1.000000e-030   1.000000e-030   1.000000e-030   1.000000e-030   1.000000e-030   5.743874e-001   3.283092e-001   3.298509e-199   1.000000e-030   1.000000e-030   1.000000e-030   1.515319e-002   1.000000e-030   1.000000e-030   1.000000e-030   1.000000e-030   1.000000e-030   1.000000e-030   1.000000e-030   1.000000e-030   1.000000e-030   
---------------Pi values----------------
1.000000e+000   0.000000e+000   0.000000e+000   0.000000e+000   0.000000e+000   
------------------------------------------------ opening file input/recordings/Digit 0/rec_22.txt ------------------------------------------------
->obs seq:   14   18   14   12   14   14    9   12   10   12    4   23    8    7    4    4    7    7    7    7    7    8   23   18   17   17   17   17   17   18   14   16   14   12    8 
iteration: 2
-->pstar : 3.34096e-056
-->qstar : 1 2 3 4 5 5 5 5 5 5 5 5 5 5 5 5 5 5 5 5 5 5 5 5 5 5 5 5 5 5 5 5 5 5 5 
iteration: 3
-->pstar : 8.57999e-032
-->qstar : 1 1 1 1 1 1 2 2 2 2 3 4 4 4 4 4 4 4 4 4 4 4 4 5 5 5 5 5 5 5 5 5 5 5 5 
iteration: 4
-->pstar : 2.69752e-026
-->qstar : 1 1 1 1 1 1 2 2 2 2 3 3 3 3 3 3 4 4 4 4 4 4 4 5 5 5 5 5 5 5 5 5 5 5 5 
iteration: 5
-->pstar : 2.80984e-025
-->qstar : 1 1 1 1 1 1 2 2 2 2 3 3 3 3 3 3 4 4 4 4 4 4 4 5 5 5 5 5 5 5 5 5 5 5 5 
iteration: 6
-->pstar : 1.88511e-025
-->qstar : 1 1 1 1 1 1 2 2 2 2 3 3 3 3 3 3 4 4 4 4 4 4 4 5 5 5 5 5 5 5 5 5 5 5 5 
-------------------------------Final Model Lambda (Pi, A, B) after iterations 6--------------------------------
---------------A Matrix----------------
8.403787e-001   1.596213e-001   0.000000e+000   0.000000e+000   0.000000e+000   
0.000000e+000   7.304050e-001   2.695950e-001   0.000000e+000   0.000000e+000   
0.000000e+000   0.000000e+000   7.476299e-001   2.523701e-001   0.000000e+000   
0.000000e+000   0.000000e+000   0.000000e+000   8.855127e-001   1.144873e-001   
0.000000e+000   0.000000e+000   0.000000e+000   0.000000e+000   1.000000e+000   
---------------B Matrix----------------
1.000000e-030   1.000000e-030   1.000000e-030   2.096061e-021   1.000000e-030   1.000000e-030   8.611645e-135   3.673347e-088   4.062746e-002   2.841524e-006   1.000000e-030   1.704149e-001   1.000000e-030   6.293334e-001   1.000000e-030   1.000000e-030   1.000000e-030   1.596213e-001   1.000000e-030   1.000000e-030   1.000000e-030   1.000000e-030   1.911767e-046   1.000000e-030   1.000000e-030   1.000000e-030   1.000000e-030   1.000000e-030   1.000000e-030   1.000000e-030   1.000000e-030   1.000000e-030   
1.000000e-030   1.000000e-030   1.000000e-030   1.132861e-002   1.000000e-030   1.000000e-030   4.567489e-019   2.105827e-010   2.009766e-001   2.694316e-001   1.000000e-030   5.027804e-001   1.000000e-030   1.545734e-002   1.000000e-030   1.000000e-030   2.910883e-201   1.413270e-010   1.000000e-030   1.000000e-030   1.000000e-030   1.000000e-030   2.541273e-005   1.000000e-030   1.000000e-030   1.000000e-030   1.000000e-030   1.000000e-030   1.000000e-030   1.000000e-030   1.000000e-030   1.000000e-030   
1.000000e-030   1.000000e-030   1.000000e-030   4.342640e-001   1.000000e-030   1.000000e-030   1.418258e-001   1.764469e-001   3.473923e-014   1.484925e-004   1.000000e-030   1.701802e-002   1.000000e-030   2.464649e-027   1.000000e-030   2.472762e-309   6.044691e-051   7.568928e-025   1.000000e-030   1.000000e-030   1.000000e-030   1.000000e-030   2.302968e-001   1.000000e-030   1.000000e-030   1.000000e-030   1.000000e-030   1.000000e-030   1.000000e-030   1.000000e-030   1.000000e-030   1.000000e-030   
1.000000e-030   1.000000e-030   1.000000e-030   1.416479e-001   1.000000e-030   1.000000e-030   6.225850e-001   1.480586e-001   4.706682e-085   1.183027e-025   1.000000e-030   1.002617e-012   1.000000e-030   4.871910e-067   1.000000e-030   1.456527e-117   2.609123e-009   1.015786e-003   1.000000e-030   1.000000e-030   1.000000e-030   1.000000e-030   8.669272e-002   1.000000e-030   1.000000e-030   1.000000e-030   1.000000e-030   1.000000e-030   1.000000e-030   1.000000e-030   1.000000e-030   1.000000e-030   
1.000000e-030   1.000000e-030   1.000000e-030   1.920228e-050   1.000000e-030   1.000000e-030   1.088768e-008   6.717051e-004   1.000000e-030   4.843575e-198   1.000000e-030   8.826997e-002   1.000000e-030   1.765399e-001   1.000000e-030   8.826997e-002   4.413498e-001   1.757568e-001   1.000000e-030   1.000000e-030   1.000000e-030   1.000000e-030   2.914182e-002   1.000000e-030   1.000000e-030   1.000000e-030   1.000000e-030   1.000000e-030   1.000000e-030   1.000000e-030   1.000000e-030   1.000000e-030   
---------------Pi values----------------
1.000000e+000   0.000000e+000   0.000000e+000   0.000000e+000   0.000000e+000   
------------------------------------------------ opening file input/recordings/Digit 0/rec_23.txt ------------------------------------------------
->obs seq:   32   20   18   16   16    2    6   11   10   23   23   23    7    4    7    4    4    4    4    4    7    8   23    8   23   17   17   17   17   18   10   12   16   20    8 
iteration: 2
-->pstar : 3.34096e-056
-->qstar : 1 2 3 4 5 5 5 5 5 5 5 5 5 5 5 5 5 5 5 5 5 5 5 5 5 5 5 5 5 5 5 5 5 5 5 
iteration: 3
-->pstar : 1.36039e-034
-->qstar : 1 1 1 1 1 2 2 2 2 3 3 3 4 4 4 4 4 4 4 4 4 5 5 5 5 5 5 5 5 5 5 5 5 5 5 
iteration: 4
-->pstar : 8.16697e-029
-->qstar : 1 1 1 1 1 2 2 2 2 3 3 3 4 4 4 4 4 4 4 4 4 4 4 4 4 5 5 5 5 5 5 5 5 5 5 
iteration: 5
-->pstar : 3.77142e-027
-->qstar : 1 1 1 1 1 2 2 2 2 3 3 3 4 4 4 4 4 4 4 4 4 4 4 4 5 5 5 5 5 5 5 5 5 5 5 
iteration: 6
-->pstar : 1.37179e-026
-->qstar : 1 1 1 1 1 2 2 2 2 3 3 3 4 4 4 4 4 4 4 4 4 4 4 4 5 5 5 5 5 5 5 5 5 5 5 
iteration: 7
-->pstar : 2.23506e-026
-->qstar : 1 1 1 1 1 2 2 2 2 3 3 3 4 4 4 4 4 4 4 4 4 4 4 4 5 5 5 5 5 5 5 5 5 5 5 
iteration: 8
-->pstar : 2.73809e-026
-->qstar : 1 1 1 1 1 2 2 2 2 3 3 3 4 4 4 4 4 4 4 4 4 4 4 4 4 5 5 5 5 5 5 5 5 5 5 
iteration: 9
-->pstar : 3.22871e-026
-->qstar : 1 1 1 1 1 2 2 2 2 3 3 3 4 4 4 4 4 4 4 4 4 4 4 4 4 5 5 5 5 5 5 5 5 5 5 
iteration: 10
-->pstar : 2.99989e-026
-->qstar : 1 1 1 1 1 2 2 2 2 3 3 3 4 4 4 4 4 4 4 4 4 4 4 4 4 5 5 5 5 5 5 5 5 5 5 
-------------------------------Final Model Lambda (Pi, A, B) after iterations 10--------------------------------
---------------A Matrix----------------
7.961197e-001   2.038803e-001   0.000000e+000   0.000000e+000   0.000000e+000   
0.000000e+000   7.248329e-001   2.751671e-001   0.000000e+000   0.000000e+000   
0.000000e+000   0.000000e+000   6.975014e-001   3.024986e-001   0.000000e+000   
0.000000e+000   0.000000e+000   0.000000e+000   9.210278e-001   7.897225e-002   
0.000000e+000   0.000000e+000   0.000000e+000   0.000000e+000   1.000000e+000   
---------------B Matrix----------------
1.000000e-030   3.647398e-003   1.000000e-030   1.000000e-030   1.000000e-030   1.128297e-011   1.000000e-030   1.000000e-030   1.000000e-030   5.549606e-147   4.828239e-043   1.000000e-030   1.000000e-030   1.000000e-030   1.000000e-030   3.847117e-001   1.000000e-030   2.038803e-001   1.000000e-030   2.038803e-001   1.000000e-030   1.000000e-030   1.000000e-030   1.000000e-030   1.000000e-030   1.000000e-030   1.000000e-030   1.000000e-030   1.000000e-030   1.000000e-030   1.000000e-030   2.038803e-001   
1.000000e-030   2.702444e-001   1.000000e-030   6.235401e-196   1.000000e-030   2.751671e-001   1.156407e-071   1.000000e-030   1.000000e-030   1.484931e-001   2.749820e-001   1.000000e-030   1.000000e-030   1.000000e-030   1.000000e-030   3.110807e-002   1.000000e-030   4.487940e-011   1.000000e-030   6.451337e-039   1.000000e-030   1.000000e-030   5.231379e-006   1.000000e-030   1.000000e-030   1.000000e-030   1.000000e-030   1.000000e-030   1.000000e-030   1.000000e-030   1.000000e-030   1.000000e-030   
1.000000e-030   4.895180e-064   1.000000e-030   4.659610e-008   1.000000e-030   2.586824e-017   1.943026e-002   9.309519e-117   1.000000e-030   1.392561e-001   2.035234e-004   1.000000e-030   1.000000e-030   1.000000e-030   1.000000e-030   1.397436e-191   1.015860e-233   4.446591e-323   1.000000e-030   1.000000e-030   1.000000e-030   1.000000e-030   8.411101e-001   1.000000e-030   1.000000e-030   1.000000e-030   1.000000e-030   1.000000e-030   1.000000e-030   1.000000e-030   1.000000e-030   1.000000e-030   
1.000000e-030   9.881313e-324   1.000000e-030   4.738335e-001   1.000000e-030   8.657090e-225   2.318441e-001   1.520263e-001   1.000000e-030   6.989015e-035   1.272622e-161   1.521541e-208   1.000000e-030   1.000000e-030   1.000000e-030   1.368843e-237   1.122072e-010   8.516755e-152   1.000000e-030   1.090944e-264   1.000000e-030   1.000000e-030   1.422960e-001   1.000000e-030   1.000000e-030   1.000000e-030   1.000000e-030   1.000000e-030   1.000000e-030   1.000000e-030   1.000000e-030   1.000000e-030   
1.000000e-030   1.000000e-030   1.000000e-030   1.478491e-050   1.000000e-030   1.000000e-030   4.556251e-014   7.894588e-003   1.000000e-030   1.053460e-001   1.000000e-030   1.053460e-001   1.000000e-030   1.000000e-030   1.000000e-030   1.053460e-001   4.213840e-001   1.053460e-001   1.000000e-030   1.053460e-001   1.000000e-030   1.000000e-030   4.399144e-002   1.000000e-030   1.000000e-030   1.000000e-030   1.000000e-030   1.000000e-030   1.000000e-030   1.000000e-030   1.000000e-030   1.000000e-030   
---------------Pi values----------------
1.000000e+000   0.000000e+000   0.000000e+000   0.000000e+000   0.000000e+000   
------------------------------------------------ opening file input/recordings/Digit 0/rec_24.txt ------------------------------------------------
->obs seq:   30   23   23   20   23   10   11   12   23   23   23   23   23   23   23    4    7    4    4    4    7    7    8   18   17   17   17   10   17   19   18   20   20   20    8 
iteration: 2
-->pstar : 3.34096e-056
-->qstar : 1 2 3 4 5 5 5 5 5 5 5 5 5 5 5 5 5 5 5 5 5 5 5 5 5 5 5 5 5 5 5 5 5 5 5 
iteration: 3
-->pstar : 2.02288e-030
-->qstar : 1 1 1 1 2 2 2 2 2 2 2 2 2 2 3 4 4 4 4 4 5 5 5 5 5 5 5 5 5 5 5 5 5 5 5 
iteration: 4
-->pstar : 6.00353e-025
-->qstar : 1 1 1 1 2 2 2 2 2 2 2 2 2 2 3 4 4 4 4 4 4 4 5 5 5 5 5 5 5 5 5 5 5 5 5 
iteration: 5
-->pstar : 7.65407e-023
-->qstar : 1 1 1 1 2 2 2 2 3 3 3 3 3 3 3 4 4 4 4 4 4 4 5 5 5 5 5 5 5 5 5 5 5 5 5 
iteration: 6
-->pstar : 3.80209e-022
-->qstar : 1 1 1 1 2 2 2 2 3 3 3 3 3 3 3 4 4 4 4 4 4 4 5 5 5 5 5 5 5 5 5 5 5 5 5 
iteration: 7
-->pstar : 6.44652e-022
-->qstar : 1 1 1 1 1 2 2 2 3 3 3 3 3 3 3 4 4 4 4 4 4 4 4 5 5 5 5 5 5 5 5 5 5 5 5 
iteration: 8
-->pstar : 1.10637e-021
-->qstar : 1 1 1 1 1 2 2 2 3 3 3 3 3 3 3 4 4 4 4 4 4 4 4 5 5 5 5 5 5 5 5 5 5 5 5 
iteration: 9
-->pstar : 1.70072e-021
-->qstar : 1 1 1 1 1 2 2 2 3 3 3 3 3 3 3 4 4 4 4 4 4 4 4 5 5 5 5 5 5 5 5 5 5 5 5 
iteration: 10
-->pstar : 2.45907e-021
-->qstar : 1 1 1 1 1 2 2 2 3 3 3 3 3 3 3 4 4 4 4 4 4 4 4 5 5 5 5 5 5 5 5 5 5 5 5 
iteration: 11
-->pstar : 3.31013e-021
-->qstar : 1 1 1 1 1 2 2 2 3 3 3 3 3 3 3 4 4 4 4 4 4 4 4 5 5 5 5 5 5 5 5 5 5 5 5 
iteration: 12
-->pstar : 4.03183e-021
-->qstar : 1 1 1 1 1 2 2 2 3 3 3 3 3 3 3 4 4 4 4 4 4 4 4 5 5 5 5 5 5 5 5 5 5 5 5 
iteration: 13
-->pstar : 4.38246e-021
-->qstar : 1 1 1 1 1 2 2 2 3 3 3 3 3 3 3 4 4 4 4 4 4 4 4 5 5 5 5 5 5 5 5 5 5 5 5 
iteration: 14
-->pstar : 4.33622e-021
-->qstar : 1 1 1 1 1 2 2 2 3 3 3 3 3 3 3 4 4 4 4 4 4 4 4 5 5 5 5 5 5 5 5 5 5 5 5 
-------------------------------Final Model Lambda (Pi, A, B) after iterations 14--------------------------------
---------------A Matrix----------------
7.959960e-001   2.040040e-001   0.000000e+000   0.000000e+000   0.000000e+000   
0.000000e+000   6.836215e-001   3.163785e-001   0.000000e+000   0.000000e+000   
0.000000e+000   0.000000e+000   8.558531e-001   1.441469e-001   0.000000e+000   
0.000000e+000   0.000000e+000   0.000000e+000   8.727301e-001   1.272699e-001   
0.000000e+000   0.000000e+000   0.000000e+000   0.000000e+000   1.000000e+000   
---------------B Matrix----------------
1.000000e-030   1.000000e-030   1.000000e-030   1.000000e-030   1.000000e-030   1.000000e-030   1.000000e-030   1.000000e-030   1.000000e-030   8.209296e-005   7.436328e-027   2.606676e-128   1.000000e-030   1.000000e-030   1.000000e-030   1.000000e-030   1.000000e-030   1.000000e-030   1.000000e-030   2.038880e-001   1.000000e-030   1.000000e-030   5.920258e-001   1.000000e-030   1.000000e-030   1.000000e-030   1.000000e-030   1.000000e-030   1.000000e-030   2.040040e-001   1.000000e-030   1.000000e-030   
1.000000e-030   1.000000e-030   1.000000e-030   1.279650e-187   1.000000e-030   1.000000e-030   3.566189e-316   1.000000e-030   1.000000e-030   3.162512e-001   3.163785e-001   3.163570e-001   1.000000e-030   1.000000e-030   1.000000e-030   1.000000e-030   1.000000e-030   1.000000e-030   1.000000e-030   1.799342e-004   1.000000e-030   1.000000e-030   5.083342e-002   1.000000e-030   1.000000e-030   1.000000e-030   1.000000e-030   1.000000e-030   1.000000e-030   1.000000e-030   1.000000e-030   1.000000e-030   
1.000000e-030   1.000000e-030   1.000000e-030   2.690814e-007   1.000000e-030   1.000000e-030   4.721823e-039   2.023281e-258   1.000000e-030   1.694130e-180   2.670154e-035   9.777518e-006   1.000000e-030   1.000000e-030   1.000000e-030   1.000000e-030   1.000000e-030   1.000000e-030   1.000000e-030   1.000000e-030   1.000000e-030   1.000000e-030   9.999900e-001   1.000000e-030   1.000000e-030   1.000000e-030   1.000000e-030   1.000000e-030   1.000000e-030   1.000000e-030   1.000000e-030   1.000000e-030   
1.000000e-030   1.000000e-030   1.000000e-030   5.090793e-001   1.000000e-030   1.000000e-030   3.818097e-001   1.091106e-001   1.000000e-030   1.000000e-030   1.000000e-030   5.586799e-214   1.000000e-030   1.000000e-030   1.000000e-030   1.000000e-030   1.578926e-049   4.479512e-007   1.000000e-030   1.000000e-030   1.000000e-030   1.000000e-030   3.504535e-011   1.000000e-030   1.000000e-030   1.000000e-030   1.000000e-030   1.000000e-030   1.000000e-030   1.000000e-030   1.000000e-030   1.000000e-030   
1.000000e-030   1.000000e-030   1.000000e-030   4.913239e-125   1.000000e-030   1.000000e-030   3.269836e-013   1.280515e-002   1.000000e-030   8.974502e-002   1.000000e-030   1.000000e-030   1.000000e-030   1.000000e-030   1.000000e-030   1.000000e-030   3.589801e-001   1.794897e-001   8.974502e-002   2.692350e-001   1.000000e-030   1.000000e-030   1.000000e-030   1.000000e-030   1.000000e-030   1.000000e-030   1.000000e-030   1.000000e-030   1.000000e-030   1.000000e-030   1.000000e-030   1.000000e-030   
---------------Pi values----------------
1.000000e+000   0.000000e+000   0.000000e+000   0.000000e+000   0.000000e+000   
------------------------------------------------ opening file input/recordings/Digit 0/rec_25.txt ------------------------------------------------
->obs seq:   14   32   31   20   20   23   12   11   12    4    4   29    7    4    4    4    4    4    7    5    8   23   18   17   17   17    9    9   17   18   20   20   20   23    8 
iteration: 2
-->pstar : 3.34096e-056
-->qstar : 1 2 3 4 5 5 5 5 5 5 5 5 5 5 5 5 5 5 5 5 5 5 5 5 5 5 5 5 5 5 5 5 5 5 5 
iteration: 3
-->pstar : 6.14626e-034
-->qstar : 1 1 1 1 1 2 2 2 2 3 3 3 3 3 3 3 3 3 4 5 5 5 5 5 5 5 5 5 5 5 5 5 5 5 5 
iteration: 4
-->pstar : 5.67614e-028
-->qstar : 1 1 1 1 1 2 2 2 2 3 3 3 3 3 3 3 3 3 4 4 4 5 5 5 5 5 5 5 5 5 5 5 5 5 5 
iteration: 5
-->pstar : 3.11451e-026
-->qstar : 1 1 1 1 1 2 2 2 2 3 3 3 3 3 3 3 3 3 4 4 4 5 5 5 5 5 5 5 5 5 5 5 5 5 5 
iteration: 6
-->pstar : 1.6028e-025
-->qstar : 1 1 1 1 1 2 2 2 2 3 3 3 3 3 3 3 3 3 4 4 4 5 5 5 5 5 5 5 5 5 5 5 5 5 5 
iteration: 7
-->pstar : 2.66082e-025
-->qstar : 1 1 1 1 1 2 2 2 2 3 3 3 3 3 3 3 3 3 4 4 4 5 5 5 5 5 5 5 5 5 5 5 5 5 5 
iteration: 8
-->pstar : 1.62528e-025
-->qstar : 1 1 1 1 1 2 2 2 2 3 3 3 3 3 3 3 3 3 3 4 4 5 5 5 5 5 5 5 5 5 5 5 5 5 5 
-------------------------------Final Model Lambda (Pi, A, B) after iterations 8--------------------------------
---------------A Matrix----------------
7.926828e-001   2.073172e-001   0.000000e+000   0.000000e+000   0.000000e+000   
0.000000e+000   7.604833e-001   2.395167e-001   0.000000e+000   0.000000e+000   
0.000000e+000   0.000000e+000   8.944686e-001   1.055314e-001   0.000000e+000   
0.000000e+000   0.000000e+000   0.000000e+000   6.239306e-001   3.760694e-001   
0.000000e+000   0.000000e+000   0.000000e+000   0.000000e+000   1.000000e+000   
---------------B Matrix----------------
1.000000e-030   1.000000e-030   1.000000e-030   3.580583e-097   1.000000e-030   1.000000e-030   1.000000e-030   1.000000e-030   1.000000e-030   1.000000e-030   5.666630e-027   1.469270e-009   1.000000e-030   2.073172e-001   1.000000e-030   1.000000e-030   1.000000e-030   1.000000e-030   1.000000e-030   3.712271e-001   1.000000e-030   1.000000e-030   6.821382e-003   1.000000e-030   1.000000e-030   1.000000e-030   1.000000e-030   1.000000e-030   1.000000e-030   1.000000e-030   2.073171e-001   2.073172e-001   
1.000000e-030   1.000000e-030   1.000000e-030   2.933616e-004   2.255125e-258   1.000000e-030   1.368751e-046   1.000000e-030   1.000000e-030   1.000000e-030   2.395167e-001   4.784049e-001   1.000000e-030   1.000000e-030   1.000000e-030   1.000000e-030   1.000000e-030   1.000000e-030   1.000000e-030   5.014914e-002   1.000000e-030   1.000000e-030   2.316358e-001   1.000000e-030   1.000000e-030   1.000000e-030   1.000000e-030   1.000000e-030   3.049818e-019   1.000000e-030   1.420081e-007   2.367562e-021   
1.000000e-030   1.000000e-030   1.000000e-030   7.363528e-001   4.252788e-007   1.000000e-030   1.578385e-001   7.144538e-028   1.000000e-030   1.000000e-030   1.185053e-010   2.769123e-004   1.000000e-030   1.000000e-030   1.000000e-030   1.000000e-030   1.000000e-030   2.385389e-159   1.000000e-030   7.919479e-085   1.000000e-030   1.000000e-030   5.793664e-036   1.000000e-030   1.000000e-030   1.000000e-030   1.000000e-030   1.000000e-030   1.055314e-001   1.000000e-030   5.194021e-310   1.000000e-030   
1.000000e-030   1.000000e-030   1.000000e-030   7.973482e-003   3.760679e-001   1.000000e-030   1.896687e-001   3.719960e-001   4.736989e-141   1.000000e-030   1.039710e-110   2.393326e-055   1.000000e-030   1.000000e-030   1.000000e-030   1.000000e-030   8.239514e-023   1.151755e-006   1.000000e-030   1.000000e-030   1.000000e-030   1.000000e-030   5.429276e-002   1.000000e-030   1.000000e-030   1.000000e-030   1.000000e-030   1.000000e-030   7.751714e-016   1.000000e-030   1.000000e-030   1.000000e-030   
1.000000e-030   1.000000e-030   1.000000e-030   1.054263e-064   3.111592e-010   1.000000e-030   1.402098e-027   8.418456e-004   1.554429e-001   1.000000e-030   1.000000e-030   1.000000e-030   1.000000e-030   1.000000e-030   1.000000e-030   1.000000e-030   3.108858e-001   1.554427e-001   1.000000e-030   2.331644e-001   1.000000e-030   1.000000e-030   1.442223e-001   1.000000e-030   1.000000e-030   1.000000e-030   1.000000e-030   1.000000e-030   1.000000e-030   1.000000e-030   1.000000e-030   1.000000e-030   
---------------Pi values----------------
1.000000e+000   0.000000e+000   0.000000e+000   0.000000e+000   0.000000e+000   
------------------------------------------------ opening file input/recordings/Digit 0/rec_26.txt ------------------------------------------------
->obs seq:   32   20   20   18   20    9   10   10   10   23   23   23    8   23    4    4    7    7    7    4    7    7    8    8   18   17   17   17   17   17   10   12   18   23    8 
iteration: 2
-->pstar : 3.34096e-056
-->qstar : 1 2 3 4 5 5 5 5 5 5 5 5 5 5 5 5 5 5 5 5 5 5 5 5 5 5 5 5 5 5 5 5 5 5 5 
iteration: 3
-->pstar : 3.53871e-031
-->qstar : 1 1 1 1 1 2 2 2 2 3 3 3 3 3 4 4 4 4 4 4 4 4 5 5 5 5 5 5 5 5 5 5 5 5 5 
iteration: 4
-->pstar : 1.11716e-024
-->qstar : 1 1 1 1 1 2 2 2 2 3 3 3 3 3 4 4 4 4 4 4 4 4 5 5 5 5 5 5 5 5 5 5 5 5 5 
iteration: 5
-->pstar : 2.23411e-022
-->qstar : 1 1 1 1 1 2 2 2 2 3 3 3 3 3 4 4 4 4 4 4 4 4 5 5 5 5 5 5 5 5 5 5 5 5 5 
iteration: 6
-->pstar : 8.06277e-022
-->qstar : 1 1 1 1 1 2 2 2 2 3 3 3 3 3 4 4 4 4 4 4 4 4 4 4 5 5 5 5 5 5 5 5 5 5 5 
iteration: 7
-->pstar : 1.31643e-021
-->qstar : 1 1 1 1 1 2 2 2 2 3 3 3 3 3 4 4 4 4 4 4 4 4 4 4 5 5 5 5 5 5 5 5 5 5 5 
iteration: 8
-->pstar : 1.68015e-021
-->qstar : 1 1 1 1 1 2 2 2 2 3 3 3 3 3 4 4 4 4 4 4 4 4 4 4 5 5 5 5 5 5 5 5 5 5 5 
iteration: 9
-->pstar : 1.93455e-021
-->qstar : 1 1 1 1 1 2 2 2 2 3 3 3 3 3 4 4 4 4 4 4 4 4 4 4 5 5 5 5 5 5 5 5 5 5 5 
iteration: 10
-->pstar : 2.09153e-021
-->qstar : 1 1 1 1 1 2 2 2 2 3 3 3 3 3 4 4 4 4 4 4 4 4 4 4 5 5 5 5 5 5 5 5 5 5 5 
iteration: 11
-->pstar : 2.13874e-021
-->qstar : 1 1 1 1 1 2 2 2 2 3 3 3 3 3 4 4 4 4 4 4 4 4 4 4 5 5 5 5 5 5 5 5 5 5 5 
iteration: 12
-->pstar : 2.05508e-021
-->qstar : 1 1 1 1 1 2 2 2 2 3 3 3 3 3 4 4 4 4 4 4 4 4 4 4 5 5 5 5 5 5 5 5 5 5 5 
-------------------------------Final Model Lambda (Pi, A, B) after iterations 12--------------------------------
---------------A Matrix----------------
8.030222e-001   1.969778e-001   0.000000e+000   0.000000e+000   0.000000e+000   
0.000000e+000   7.451138e-001   2.548862e-001   0.000000e+000   0.000000e+000   
0.000000e+000   0.000000e+000   8.003209e-001   1.996791e-001   0.000000e+000   
0.000000e+000   0.000000e+000   0.000000e+000   8.963245e-001   1.036755e-001   
0.000000e+000   0.000000e+000   0.000000e+000   0.000000e+000   1.000000e+000   
---------------B Matrix----------------
1.000000e-030   1.000000e-030   1.000000e-030   1.000000e-030   1.000000e-030   1.000000e-030   1.000000e-030   1.000000e-030   1.511780e-002   3.906372e-014   1.000000e-030   1.000000e-030   1.000000e-030   1.000000e-030   1.000000e-030   1.000000e-030   1.000000e-030   1.969778e-001   1.000000e-030   5.909267e-001   1.000000e-030   1.000000e-030   1.965394e-196   1.000000e-030   1.000000e-030   1.000000e-030   1.000000e-030   1.000000e-030   1.000000e-030   1.000000e-030   1.000000e-030   1.969778e-001   
1.000000e-030   1.000000e-030   1.000000e-030   9.880602e-270   1.000000e-030   1.000000e-030   1.000000e-030   9.088553e-065   2.353240e-001   7.646565e-001   1.000000e-030   1.000000e-030   1.000000e-030   1.000000e-030   1.000000e-030   1.000000e-030   1.000000e-030   2.476009e-025   1.000000e-030   8.546337e-006   1.000000e-030   1.000000e-030   1.093412e-005   1.000000e-030   1.000000e-030   1.000000e-030   1.000000e-030   1.000000e-030   1.000000e-030   1.000000e-030   1.000000e-030   1.000000e-030   
1.000000e-030   1.000000e-030   1.000000e-030   1.612760e-003   1.000000e-030   1.000000e-030   6.809083e-028   1.996787e-001   2.473738e-103   1.753469e-006   1.000000e-030   1.000000e-030   1.000000e-030   1.000000e-030   1.000000e-030   1.000000e-030   1.000000e-030   5.300043e-292   1.000000e-030   3.336255e-148   1.000000e-030   1.000000e-030   7.987068e-001   1.000000e-030   1.000000e-030   1.000000e-030   1.000000e-030   1.000000e-030   1.000000e-030   1.000000e-030   1.000000e-030   1.000000e-030   
1.000000e-030   1.000000e-030   1.000000e-030   3.101891e-001   1.000000e-030   1.000000e-030   5.183775e-001   1.714329e-001   1.000000e-030   6.805909e-154   1.000000e-030   1.000000e-030   1.000000e-030   1.000000e-030   1.000000e-030   1.000000e-030   1.290311e-048   2.716634e-008   1.000000e-030   1.000000e-030   1.000000e-030   1.000000e-030   4.337417e-007   1.000000e-030   1.000000e-030   1.000000e-030   1.000000e-030   1.000000e-030   1.000000e-030   1.000000e-030   1.000000e-030   1.000000e-030   
1.000000e-030   1.000000e-030   1.000000e-030   6.471118e-114   1.000000e-030   1.000000e-030   2.405064e-014   3.348483e-002   1.000000e-030   9.665152e-002   1.000000e-030   9.665152e-002   1.000000e-030   1.000000e-030   1.000000e-030   1.000000e-030   4.832576e-001   1.933030e-001   1.000000e-030   1.000000e-030   1.000000e-030   1.000000e-030   9.665152e-002   1.000000e-030   1.000000e-030   1.000000e-030   1.000000e-030   1.000000e-030   1.000000e-030   1.000000e-030   1.000000e-030   1.000000e-030   
---------------Pi values----------------
1.000000e+000   0.000000e+000   0.000000e+000   0.000000e+000   0.000000e+000   
------------------------------------------------ opening file input/recordings/Digit 0/rec_27.txt ------------------------------------------------
->obs seq:   23   31   32   30   31   20   32   14   31   18    7    7    7    4    4    7    7    7    7    8   23   17   17   17   17   17   10   18   10   12   12   16   16    7    8 
iteration: 2
-->pstar : 3.34096e-056
-->qstar : 1 2 3 4 5 5 5 5 5 5 5 5 5 5 5 5 5 5 5 5 5 5 5 5 5 5 5 5 5 5 5 5 5 5 5 
iteration: 3
-->pstar : 3.13053e-033
-->qstar : 1 1 1 1 1 1 1 2 2 3 4 4 4 4 4 4 4 4 4 5 5 5 5 5 5 5 5 5 5 5 5 5 5 5 5 
iteration: 4
-->pstar : 1.09606e-028
-->qstar : 1 1 1 1 1 1 1 2 2 2 3 3 3 3 3 3 3 3 3 4 4 5 5 5 5 5 5 5 5 5 5 5 5 5 5 
iteration: 5
-->pstar : 1.06594e-027
-->qstar : 1 1 1 1 1 1 1 2 2 2 3 3 3 3 3 3 3 3 3 4 4 5 5 5 5 5 5 5 5 5 5 5 5 5 5 
iteration: 6
-->pstar : 9.50483e-028
-->qstar : 1 1 1 1 1 2 2 2 2 2 3 3 3 3 3 3 3 3 3 4 4 5 5 5 5 5 5 5 5 5 5 5 5 5 5 
-------------------------------Final Model Lambda (Pi, A, B) after iterations 6--------------------------------
---------------A Matrix----------------
8.114998e-001   1.885002e-001   0.000000e+000   0.000000e+000   0.000000e+000   
0.000000e+000   7.717914e-001   2.282086e-001   0.000000e+000   0.000000e+000   
0.000000e+000   0.000000e+000   8.761904e-001   1.238096e-001   0.000000e+000   
0.000000e+000   0.000000e+000   0.000000e+000   6.818672e-001   3.181328e-001   
0.000000e+000   0.000000e+000   0.000000e+000   0.000000e+000   1.000000e+000   
---------------B Matrix----------------
1.000000e-030   1.000000e-030   1.000000e-030   5.258288e-113   1.000000e-030   1.000000e-030   2.012478e-027   1.000000e-030   1.000000e-030   1.000000e-030   1.000000e-030   1.000000e-030   1.000000e-030   1.968759e-003   1.000000e-030   1.000000e-030   1.000000e-030   1.086761e-012   1.000000e-030   8.402112e-002   1.000000e-030   1.000000e-030   1.885002e-001   1.000000e-030   1.000000e-030   1.000000e-030   1.000000e-030   1.000000e-030   1.000000e-030   1.763624e-001   3.188042e-001   2.303433e-001   
1.000000e-030   1.000000e-030   1.000000e-030   1.517522e-016   1.000000e-030   1.000000e-030   1.098943e-003   1.135610e-082   1.000000e-030   1.000000e-030   1.000000e-030   1.000000e-030   1.000000e-030   2.258251e-001   1.000000e-030   1.000000e-030   4.792358e-244   1.564079e-001   1.000000e-030   1.264881e-001   1.000000e-030   1.000000e-030   6.241475e-153   1.000000e-030   1.000000e-030   1.000000e-030   1.000000e-030   1.000000e-030   1.000000e-030   1.469464e-002   2.979343e-001   1.775511e-001   
1.000000e-030   1.000000e-030   1.000000e-030   2.452881e-001   1.000000e-030   1.000000e-030   7.153292e-001   3.277838e-005   1.000000e-030   7.734523e-167   1.000000e-030   1.000000e-030   1.000000e-030   2.086336e-008   1.000000e-030   1.000000e-030   1.355529e-030   3.895391e-002   1.000000e-030   9.059906e-030   1.000000e-030   1.000000e-030   7.296574e-015   1.000000e-030   1.000000e-030   1.000000e-030   1.000000e-030   1.000000e-030   1.000000e-030   6.140707e-056   3.960004e-004   2.674903e-016   
1.000000e-030   1.000000e-030   1.000000e-030   5.989681e-003   1.000000e-030   1.000000e-030   3.873169e-001   3.179013e-001   1.000000e-030   7.991235e-020   1.000000e-030   1.743042e-068   1.000000e-030   1.158655e-058   1.000000e-030   1.096035e-162   9.034145e-003   4.378102e-013   1.000000e-030   2.604728e-153   1.000000e-030   1.000000e-030   2.797580e-001   1.000000e-030   1.000000e-030   1.000000e-030   1.000000e-030   1.000000e-030   1.000000e-030   9.489745e-270   1.925078e-029   2.045014e-106   
1.000000e-030   1.000000e-030   1.000000e-030   3.685509e-022   1.000000e-030   1.000000e-030   7.638265e-002   3.534628e-005   1.000000e-030   1.527563e-001   1.000000e-030   1.527563e-001   1.000000e-030   3.199536e-251   1.000000e-030   1.527563e-001   3.797218e-001   7.637815e-002   1.000000e-030   1.000000e-030   1.000000e-030   1.000000e-030   9.213111e-003   1.000000e-030   1.000000e-030   1.000000e-030   1.000000e-030   1.000000e-030   1.000000e-030   1.000000e-030   4.129308e-130   1.000000e-030   
---------------Pi values----------------
1.000000e+000   0.000000e+000   0.000000e+000   0.000000e+000   0.000000e+000   
------------------------------------------------ opening file input/recordings/Digit 0/rec_28.txt ------------------------------------------------
->obs seq:   30   31   20   32   14   32   11    9   11   18   18   10   23    7    7    7    7    7    7    7    7    7    8   23   17   17   17   17   10    9   11   12   12   12    8 
iteration: 2
-->pstar : 3.34096e-056
-->qstar : 1 2 3 4 5 5 5 5 5 5 5 5 5 5 5 5 5 5 5 5 5 5 5 5 5 5 5 5 5 5 5 5 5 5 5 
iteration: 3
-->pstar : 1.55035e-032
-->qstar : 1 1 1 1 1 1 2 2 2 3 3 3 4 4 4 4 4 4 4 4 4 4 5 5 5 5 5 5 5 5 5 5 5 5 5 
iteration: 4
-->pstar : 3.0852e-026
-->qstar : 1 1 1 1 1 1 2 2 2 3 3 3 3 4 4 4 4 4 4 4 4 4 5 5 5 5 5 5 5 5 5 5 5 5 5 
iteration: 5
-->pstar : 3.0828e-024
-->qstar : 1 1 1 1 1 1 2 2 2 3 3 3 3 4 4 4 4 4 4 4 4 4 4 5 5 5 5 5 5 5 5 5 5 5 5 
iteration: 6
-->pstar : 7.31785e-024
-->qstar : 1 1 1 1 1 1 2 2 2 3 3 3 3 4 4 4 4 4 4 4 4 4 4 4 5 5 5 5 5 5 5 5 5 5 5 
iteration: 7
-->pstar : 7.74372e-024
-->qstar : 1 1 1 1 1 1 2 2 2 3 3 3 3 4 4 4 4 4 4 4 4 4 4 4 5 5 5 5 5 5 5 5 5 5 5 
iteration: 8
-->pstar : 6.06515e-024
-->qstar : 1 1 1 1 1 1 2 2 2 3 3 3 3 4 4 4 4 4 4 4 4 4 4 4 5 5 5 5 5 5 5 5 5 5 5 
-------------------------------Final Model Lambda (Pi, A, B) after iterations 8--------------------------------
---------------A Matrix----------------
7.912452e-001   2.087548e-001   0.000000e+000   0.000000e+000   0.000000e+000   
0.000000e+000   7.638656e-001   2.361344e-001   0.000000e+000   0.000000e+000   
0.000000e+000   0.000000e+000   7.259471e-001   2.740529e-001   0.000000e+000   
0.000000e+000   0.000000e+000   0.000000e+000   9.078154e-001   9.218465e-002   
0.000000e+000   0.000000e+000   0.000000e+000   0.000000e+000   1.000000e+000   
---------------B Matrix----------------
1.000000e-030   1.000000e-030   1.000000e-030   1.000000e-030   1.000000e-030   1.000000e-030   1.000000e-030   1.000000e-030   2.429611e-018   5.171816e-310   3.894656e-006   1.000000e-030   1.000000e-030   1.296615e-001   1.000000e-030   1.000000e-030   1.000000e-030   1.094578e-067   1.000000e-030   2.087442e-001   1.000000e-030   1.000000e-030   1.000000e-030   1.000000e-030   1.000000e-030   1.000000e-030   1.000000e-030   1.000000e-030   1.000000e-030   2.087548e-001   2.087548e-001   2.440808e-001   
1.000000e-030   1.000000e-030   1.000000e-030   1.000000e-030   1.000000e-030   1.000000e-030   1.002935e-091   1.000000e-030   2.361343e-001   5.878349e-012   4.689363e-001   1.000000e-030   1.000000e-030   8.946688e-002   1.000000e-030   1.000000e-030   1.000000e-030   9.275304e-003   1.000000e-030   1.203795e-005   1.000000e-030   1.000000e-030   8.148028e-039   1.000000e-030   1.000000e-030   1.000000e-030   1.000000e-030   1.000000e-030   1.000000e-030   1.000000e-030   2.600543e-017   1.961752e-001   
1.000000e-030   1.000000e-030   1.000000e-030   1.000000e-030   1.000000e-030   1.000000e-030   1.277891e-004   1.920987e-082   5.315687e-008   2.740479e-001   3.862475e-003   1.000000e-030   1.000000e-030   4.897351e-072   1.000000e-030   1.000000e-030   1.860134e-207   5.373410e-001   1.000000e-030   1.116635e-235   1.000000e-030   1.000000e-030   1.846208e-001   1.000000e-030   1.000000e-030   1.000000e-030   1.000000e-030   1.000000e-030   1.000000e-030   1.000000e-030   1.000000e-030   8.096637e-029   
1.000000e-030   1.000000e-030   1.000000e-030   1.000000e-030   1.000000e-030   1.000000e-030   8.296188e-001   8.852996e-002   3.072175e-081   1.657996e-006   2.011374e-100   1.000000e-030   1.000000e-030   1.000000e-030   1.000000e-030   1.000000e-030   3.011252e-007   1.480251e-020   1.000000e-030   1.000000e-030   1.000000e-030   1.000000e-030   8.184924e-002   1.000000e-030   1.000000e-030   1.000000e-030   1.000000e-030   1.000000e-030   1.000000e-030   1.000000e-030   1.000000e-030   1.000000e-030   
1.000000e-030   1.000000e-030   1.000000e-030   1.000000e-030   1.000000e-030   1.000000e-030   1.970076e-010   3.783639e-003   9.543724e-002   9.543724e-002   9.543724e-002   2.863117e-001   1.000000e-030   1.000000e-030   1.000000e-030   1.000000e-030   3.817487e-001   3.539718e-227   1.000000e-030   1.000000e-030   1.000000e-030   1.000000e-030   4.184426e-002   1.000000e-030   1.000000e-030   1.000000e-030   1.000000e-030   1.000000e-030   1.000000e-030   1.000000e-030   1.000000e-030   1.000000e-030   
---------------Pi values----------------
1.000000e+000   0.000000e+000   0.000000e+000   0.000000e+000   0.000000e+000   
------------------------------------------------ opening file input/recordings/Digit 0/rec_29.txt ------------------------------------------------
->obs seq:   30   31   12   12   12   12    9   23   10   23   23    4    4    7    4    7    7    7    8    7   10   17   23    1   17   17   17   10   17   18   10   12   12   12    8 
iteration: 2
-->pstar : 3.34096e-056
-->qstar : 1 2 3 4 5 5 5 5 5 5 5 5 5 5 5 5 5 5 5 5 5 5 5 5 5 5 5 5 5 5 5 5 5 5 5 
iteration: 3
-->pstar : 1.0382e-031
-->qstar : 1 1 1 1 1 1 2 3 3 3 3 3 3 4 4 4 4 4 4 4 5 5 5 5 5 5 5 5 5 5 5 5 5 5 5 
iteration: 4
-->pstar : 8.90809e-027
-->qstar : 1 1 1 1 1 1 2 2 2 2 2 3 3 4 4 4 4 4 4 4 5 5 5 5 5 5 5 5 5 5 5 5 5 5 5 
iteration: 5
-->pstar : 2.84913e-026
-->qstar : 1 1 1 1 1 1 2 2 2 2 2 3 3 4 4 4 4 4 4 4 5 5 5 5 5 5 5 5 5 5 5 5 5 5 5 
iteration: 6
-->pstar : 6.90496e-028
-->qstar : 1 1 1 1 1 1 2 2 2 2 2 3 3 4 4 4 4 4 4 4 5 5 5 5 5 5 5 5 5 5 5 5 5 5 5 
-------------------------------Final Model Lambda (Pi, A, B) after iterations 6--------------------------------
---------------A Matrix----------------
8.257919e-001   1.742081e-001   0.000000e+000   0.000000e+000   0.000000e+000   
0.000000e+000   7.690684e-001   2.309316e-001   0.000000e+000   0.000000e+000   
0.000000e+000   0.000000e+000   7.379961e-001   2.620039e-001   0.000000e+000   
0.000000e+000   0.000000e+000   0.000000e+000   8.389185e-001   1.610815e-001   
0.000000e+000   0.000000e+000   0.000000e+000   0.000000e+000   1.000000e+000   
---------------B Matrix----------------
1.000000e-030   1.000000e-030   1.000000e-030   4.641515e-060   1.000000e-030   1.000000e-030   4.144429e-157   1.000000e-030   3.657331e-003   6.492022e-017   1.000000e-030   6.479264e-001   1.000000e-030   1.000000e-030   1.000000e-030   1.000000e-030   1.000000e-030   1.000000e-030   1.000000e-030   1.000000e-030   1.000000e-030   1.000000e-030   5.845008e-008   1.000000e-030   1.000000e-030   1.000000e-030   1.000000e-030   1.000000e-030   1.000000e-030   1.742081e-001   1.742081e-001   1.000000e-030   
6.704934e-285   1.000000e-030   1.000000e-030   1.761089e-004   1.000000e-030   1.000000e-030   6.779059e-016   2.611005e-088   2.260829e-001   2.140251e-001   1.000000e-030   6.483031e-002   1.000000e-030   1.000000e-030   1.000000e-030   1.000000e-030   4.909366e-169   1.000000e-030   1.000000e-030   1.000000e-030   1.000000e-030   1.000000e-030   4.948856e-001   1.000000e-030   1.000000e-030   1.000000e-030   1.000000e-030   1.000000e-030   1.000000e-030   1.000000e-030   1.942737e-008   1.000000e-030   
4.777530e-045   1.000000e-030   1.000000e-030   6.003452e-001   1.000000e-030   1.000000e-030   1.559353e-001   2.335841e-008   6.713574e-007   1.918136e-002   1.000000e-030   3.918708e-015   1.000000e-030   1.000000e-030   1.000000e-030   1.000000e-030   2.397476e-025   4.589848e-161   1.000000e-030   1.000000e-030   1.000000e-030   1.000000e-030   2.245374e-001   1.000000e-030   1.000000e-030   1.000000e-030   1.000000e-030   1.000000e-030   1.000000e-030   1.000000e-030   1.000000e-030   1.000000e-030   
6.827442e-013   1.000000e-030   1.000000e-030   1.140260e-001   1.000000e-030   1.000000e-030   7.093805e-001   1.610815e-001   1.481266e-045   1.548308e-002   1.000000e-030   1.547586e-079   1.000000e-030   1.000000e-030   1.000000e-030   1.000000e-030   2.830948e-005   1.406526e-044   1.000000e-030   1.000000e-030   1.000000e-030   1.000000e-030   5.593532e-007   1.000000e-030   1.000000e-030   1.000000e-030   1.000000e-030   1.000000e-030   1.000000e-030   1.000000e-030   1.000000e-030   1.000000e-030   
7.191824e-002   1.000000e-030   1.000000e-030   6.357534e-037   1.000000e-030   1.000000e-030   7.007860e-005   2.209963e-009   1.343437e-212   2.088420e-001   1.000000e-030   2.157547e-001   1.000000e-030   1.000000e-030   1.000000e-030   1.000000e-030   3.595785e-001   7.191824e-002   1.000000e-030   1.000000e-030   1.000000e-030   1.000000e-030   7.191822e-002   1.000000e-030   1.000000e-030   1.000000e-030   1.000000e-030   1.000000e-030   1.000000e-030   1.000000e-030   1.000000e-030   1.000000e-030   
---------------Pi values----------------
1.000000e+000   0.000000e+000   0.000000e+000   0.000000e+000   0.000000e+000   
------------------------------------------------ opening file input/recordings/Digit 0/rec_30.txt ------------------------------------------------
->obs seq:   14   32   31   11    7    7    7    6    6    6    7    7    7    7    7   23    7   17   23   23   18   17    3    3    9   17   17   17    9    9   10   18   10   12    8 
iteration: 2
-->pstar : 3.34096e-056
-->qstar : 1 2 3 4 5 5 5 5 5 5 5 5 5 5 5 5 5 5 5 5 5 5 5 5 5 5 5 5 5 5 5 5 5 5 5 
iteration: 3
-->pstar : 1.17981e-058
-->qstar : 1 1 1 1 2 2 2 2 2 2 2 2 2 2 3 4 4 5 5 5 5 5 5 5 5 5 5 5 5 5 5 5 5 5 5 
-------------------------------Final Model Lambda (Pi, A, B) after iterations 3--------------------------------
---------------A Matrix----------------
7.534326e-001   2.465674e-001   0.000000e+000   0.000000e+000   0.000000e+000   
0.000000e+000   8.383515e-001   1.616485e-001   0.000000e+000   0.000000e+000   
0.000000e+000   0.000000e+000   8.042422e-001   1.957578e-001   0.000000e+000   
0.000000e+000   0.000000e+000   0.000000e+000   7.583668e-001   2.416332e-001   
0.000000e+000   0.000000e+000   0.000000e+000   0.000000e+000   1.000000e+000   
---------------B Matrix----------------
1.000000e-030   1.000000e-030   9.232388e-018   1.000000e-030   1.000000e-030   1.364767e-002   1.400127e-001   1.000000e-030   2.248459e-021   2.734706e-033   1.512687e-001   3.637488e-036   1.000000e-030   2.465674e-001   1.000000e-030   1.000000e-030   1.329572e-009   2.914577e-014   1.000000e-030   1.000000e-030   1.000000e-030   1.000000e-030   3.715742e-007   1.000000e-030   1.000000e-030   1.000000e-030   1.000000e-030   1.000000e-030   1.000000e-030   1.000000e-030   2.094064e-001   2.390968e-001   
1.000000e-030   1.000000e-030   1.241174e-008   1.000000e-030   1.000000e-030   3.260952e-001   5.772928e-001   1.000000e-030   1.005853e-010   3.772034e-018   6.206040e-002   5.569280e-020   1.000000e-030   1.000000e-030   1.000000e-030   1.000000e-030   3.430635e-004   1.135777e-006   1.000000e-030   1.000000e-030   1.000000e-030   1.000000e-030   4.957544e-003   1.000000e-030   1.000000e-030   1.000000e-030   1.000000e-030   1.000000e-030   1.000000e-030   1.000000e-030   2.435219e-002   4.897686e-003   
1.000000e-030   1.000000e-030   1.980721e-004   1.000000e-030   1.000000e-030   1.783508e-001   6.784949e-001   1.000000e-030   1.042990e-005   3.907445e-010   5.049304e-004   1.105174e-011   1.000000e-030   1.000000e-030   1.000000e-030   1.000000e-030   3.186984e-002   1.797551e-003   1.000000e-030   1.000000e-030   1.000000e-030   1.000000e-030   1.087608e-001   1.000000e-030   1.000000e-030   1.000000e-030   1.000000e-030   1.000000e-030   1.000000e-030   1.000000e-030   1.257895e-005   1.000000e-030   
1.000000e-030   1.000000e-030   3.376177e-002   1.000000e-030   1.000000e-030   3.928804e-003   3.191570e-001   1.000000e-030   5.355455e-003   1.836788e-005   3.474118e-009   6.854137e-007   1.000000e-030   1.000000e-030   1.000000e-030   1.000000e-030   1.943312e-001   6.452748e-002   1.000000e-030   1.000000e-030   1.000000e-030   1.000000e-030   3.789192e-001   1.000000e-030   1.000000e-030   1.000000e-030   1.000000e-030   1.000000e-030   1.000000e-030   1.000000e-030   1.000000e-030   1.000000e-030   
1.000000e-030   1.000000e-030   1.281262e-001   1.000000e-030   1.000000e-030   2.278789e-008   5.102660e-003   1.000000e-030   2.052058e-001   1.378193e-001   1.000000e-030   6.891208e-002   1.000000e-030   1.000000e-030   1.000000e-030   1.000000e-030   2.777741e-001   1.187885e-001   1.000000e-030   1.000000e-030   1.000000e-030   1.000000e-030   5.827126e-002   1.000000e-030   1.000000e-030   1.000000e-030   1.000000e-030   1.000000e-030   1.000000e-030   1.000000e-030   1.000000e-030   1.000000e-030   
---------------Pi values----------------
1.000000e+000   0.000000e+000   0.000000e+000   0.000000e+000   0.000000e+000   