------------------------------------------------> DIGIT 5 <------------------------------------------------

------------------------------------------------ opening file input/recordings/Digit 5/rec_11.txt ------------------------------------------------
->obs seq:   20   23   20    8   20   10   17   10   18   17   19   22   22   22   29    7    4    4    4    4    4   23   12   10   10   17   18   17    9   17   10   20   20   20    7 
iteration: 2
-->pstar : 3.34096e-056
-->qstar : 1 2 3 4 5 5 5 5 5 5 5 5 5 5 5 5 5 5 5 5 5 5 5 5 5 5 5 5 5 5 5 5 5 5 5 
iteration: 3
-->pstar : 4.04182e-035
-->qstar : 1 1 1 1 1 2 2 2 2 2 3 3 3 3 4 4 4 4 4 4 4 5 5 5 5 5 5 5 5 5 5 5 5 5 5 
iteration: 4
-->pstar : 1.57992e-029
-->qstar : 1 1 1 1 1 2 2 2 2 2 3 3 3 3 3 4 4 4 4 4 4 5 5 5 5 5 5 5 5 5 5 5 5 5 5 
iteration: 5
-->pstar : 7.07935e-031
-->qstar : 1 1 1 1 1 2 2 2 2 2 3 3 3 3 3 4 4 4 4 4 4 4 5 5 5 5 5 5 5 5 5 5 5 5 5 
-------------------------------Final Model Lambda (Pi, A, B) after iterations 5--------------------------------
---------------A Matrix----------------
8.021383e-001   1.978617e-001   0.000000e+000   0.000000e+000   0.000000e+000   
0.000000e+000   7.993069e-001   2.006931e-001   0.000000e+000   0.000000e+000   
0.000000e+000   0.000000e+000   7.911574e-001   2.088426e-001   0.000000e+000   
0.000000e+000   0.000000e+000   0.000000e+000   8.581406e-001   1.418594e-001   
0.000000e+000   0.000000e+000   0.000000e+000   0.000000e+000   1.000000e+000   
---------------B Matrix----------------
1.000000e-030   1.000000e-030   1.000000e-030   1.581827e-183   1.000000e-030   1.000000e-030   1.113903e-136   1.975955e-001   1.000000e-030   1.938847e-002   1.000000e-030   1.000000e-030   1.000000e-030   1.000000e-030   1.000000e-030   1.000000e-030   3.169153e-004   3.861402e-009   3.460391e-021   5.848375e-001   1.000000e-030   5.317393e-034   1.978617e-001   1.000000e-030   1.000000e-030   1.000000e-030   1.000000e-030   1.000000e-030   6.628571e-096   1.000000e-030   1.000000e-030   1.000000e-030   
1.000000e-030   1.000000e-030   1.000000e-030   1.779875e-033   1.000000e-030   1.000000e-030   4.849926e-022   2.699938e-004   4.038897e-142   3.816321e-001   1.000000e-030   7.696734e-115   1.000000e-030   1.000000e-030   1.000000e-030   1.000000e-030   3.695806e-001   1.961453e-001   4.277708e-002   8.872721e-003   1.000000e-030   7.222387e-004   7.518635e-010   1.000000e-030   1.000000e-030   1.000000e-030   1.000000e-030   1.000000e-030   5.026239e-013   1.000000e-030   1.000000e-030   1.000000e-030   
1.000000e-030   1.000000e-030   1.000000e-030   3.989746e-004   1.000000e-030   1.000000e-030   3.735805e-002   1.585317e-024   7.367140e-052   9.177967e-005   1.000000e-030   2.406921e-030   1.000000e-030   1.000000e-030   1.000000e-030   1.000000e-030   3.276266e-002   4.732435e-003   1.643285e-001   2.439506e-015   1.000000e-030   6.216008e-001   1.356013e-019   1.000000e-030   1.000000e-030   1.000000e-030   1.000000e-030   1.000000e-030   1.387268e-001   1.000000e-030   1.000000e-030   1.000000e-030   
1.000000e-030   1.000000e-030   1.000000e-030   7.081911e-001   1.000000e-030   1.000000e-030   1.164834e-001   3.622255e-075   3.772780e-026   3.902303e-004   1.000000e-030   2.610268e-002   1.000000e-030   1.000000e-030   1.000000e-030   1.000000e-030   6.825151e-010   1.890281e-014   6.052299e-010   8.165587e-046   1.000000e-030   2.836293e-003   9.836914e-002   1.000000e-030   1.000000e-030   1.000000e-030   1.000000e-030   1.000000e-030   4.762717e-002   1.000000e-030   1.000000e-030   1.000000e-030   
1.000000e-030   1.000000e-030   1.000000e-030   4.854187e-004   1.000000e-030   1.000000e-030   4.624708e-017   1.000000e-030   8.246944e-002   2.471814e-001   1.000000e-030   6.729474e-002   1.000000e-030   1.000000e-030   1.000000e-030   1.000000e-030   2.474083e-001   8.246944e-002   9.456631e-088   2.474083e-001   1.000000e-030   3.349409e-038   2.528291e-002   1.000000e-030   1.000000e-030   1.000000e-030   1.000000e-030   1.000000e-030   3.452463e-026   1.000000e-030   1.000000e-030   1.000000e-030   
---------------Pi values----------------
1.000000e+000   0.000000e+000   0.000000e+000   0.000000e+000   0.000000e+000   
------------------------------------------------ opening file input/recordings/Digit 5/rec_12.txt ------------------------------------------------
->obs seq:   12   12   17   29   29   29   18   29    8   19    8   19   19   19   22   23   12    4    4    4   12   18    8   18    8   19   19    8   19   17   18   12   18   12    7 
iteration: 2
-->pstar : 3.34096e-056
-->qstar : 1 2 3 4 5 5 5 5 5 5 5 5 5 5 5 5 5 5 5 5 5 5 5 5 5 5 5 5 5 5 5 5 5 5 5 
iteration: 3
-->pstar : 7.69523e-060
-->qstar : 1 1 1 2 2 2 2 2 3 3 3 3 3 3 4 4 5 5 5 5 5 5 5 5 5 5 5 5 5 5 5 5 5 5 5 
-------------------------------Final Model Lambda (Pi, A, B) after iterations 3--------------------------------
---------------A Matrix----------------
7.682964e-001   2.317036e-001   0.000000e+000   0.000000e+000   0.000000e+000   
0.000000e+000   7.661680e-001   2.338320e-001   0.000000e+000   0.000000e+000   
0.000000e+000   0.000000e+000   7.769394e-001   2.230606e-001   0.000000e+000   
0.000000e+000   0.000000e+000   0.000000e+000   8.223003e-001   1.776997e-001   
0.000000e+000   0.000000e+000   0.000000e+000   0.000000e+000   1.000000e+000   
---------------B Matrix----------------
1.000000e-030   1.000000e-030   1.000000e-030   3.714047e-010   1.000000e-030   1.000000e-030   1.000000e-030   2.925600e-003   1.000000e-030   1.000000e-030   1.000000e-030   4.576009e-001   1.000000e-030   1.000000e-030   1.000000e-030   1.000000e-030   1.982178e-001   2.656945e-002   6.163616e-004   1.000000e-030   1.000000e-030   4.392123e-008   8.546954e-009   1.000000e-030   1.000000e-030   1.000000e-030   1.000000e-030   1.000000e-030   3.140698e-001   1.000000e-030   1.000000e-030   1.000000e-030   
1.000000e-030   1.000000e-030   1.000000e-030   7.667348e-005   1.000000e-030   1.000000e-030   1.000000e-030   1.485361e-001   1.000000e-030   1.000000e-030   1.000000e-030   6.089338e-003   1.000000e-030   1.000000e-030   1.000000e-030   1.000000e-030   3.377158e-002   1.692443e-001   1.038258e-001   1.000000e-030   1.000000e-030   1.639524e-003   5.599817e-004   1.000000e-030   1.000000e-030   1.000000e-030   1.000000e-030   1.000000e-030   5.362566e-001   1.000000e-030   1.000000e-030   1.000000e-030   
1.000000e-030   1.000000e-030   1.000000e-030   2.233353e-002   1.000000e-030   1.000000e-030   1.000000e-030   2.495248e-001   1.000000e-030   1.000000e-030   1.000000e-030   2.500952e-002   1.000000e-030   1.000000e-030   1.000000e-030   1.000000e-030   3.633359e-005   3.729874e-002   4.807304e-001   1.000000e-030   1.000000e-030   6.701081e-002   4.157364e-002   1.000000e-030   1.000000e-030   1.000000e-030   1.000000e-030   1.000000e-030   7.648221e-002   1.000000e-030   1.000000e-030   1.000000e-030   
1.000000e-030   1.000000e-030   1.000000e-030   2.546780e-001   1.000000e-030   1.000000e-030   1.000000e-030   7.558502e-002   1.000000e-030   1.000000e-030   1.000000e-030   1.481522e-001   1.000000e-030   1.000000e-030   1.000000e-030   1.000000e-030   9.937012e-004   4.006526e-002   2.501284e-001   1.000000e-030   1.000000e-030   1.099104e-001   1.190129e-001   1.000000e-030   1.000000e-030   1.000000e-030   1.000000e-030   1.000000e-030   1.474149e-003   1.000000e-030   1.000000e-030   1.000000e-030   
1.000000e-030   1.000000e-030   1.000000e-030   9.589520e-002   1.000000e-030   1.000000e-030   1.000000e-030   1.835508e-001   1.000000e-030   1.000000e-030   1.000000e-030   1.995807e-001   1.000000e-030   1.000000e-030   1.000000e-030   1.000000e-030   6.498732e-002   2.463314e-001   1.955139e-001   1.000000e-030   1.000000e-030   4.865397e-003   9.274463e-003   1.000000e-030   1.000000e-030   1.000000e-030   1.000000e-030   1.000000e-030   8.551493e-007   1.000000e-030   1.000000e-030   1.000000e-030   
---------------Pi values----------------
1.000000e+000   0.000000e+000   0.000000e+000   0.000000e+000   0.000000e+000   
------------------------------------------------ opening file input/recordings/Digit 5/rec_13.txt ------------------------------------------------
->obs seq:   14   14   12   12   19   18    8    8   18   19   19   19   18   19   19   19   19   18    7    4    4   12    7   19    8    8    8    8    8    8   17   18   16   14    7 
iteration: 2
-->pstar : 3.34096e-056
-->qstar : 1 2 3 4 5 5 5 5 5 5 5 5 5 5 5 5 5 5 5 5 5 5 5 5 5 5 5 5 5 5 5 5 5 5 5 
iteration: 3
-->pstar : 2.46214e-029
-->qstar : 1 1 1 1 2 2 3 3 3 3 3 3 3 3 3 3 3 3 4 4 4 4 4 4 5 5 5 5 5 5 5 5 5 5 5 
iteration: 4
-->pstar : 1.84481e-024
-->qstar : 1 1 1 1 2 2 2 2 2 3 3 3 3 3 3 3 3 3 4 4 4 4 4 4 5 5 5 5 5 5 5 5 5 5 5 
iteration: 5
-->pstar : 1.30704e-022
-->qstar : 1 1 1 1 2 2 2 2 2 3 3 3 3 3 3 3 3 3 4 4 4 4 4 4 5 5 5 5 5 5 5 5 5 5 5 
iteration: 6
-->pstar : 2.79477e-023
-->qstar : 1 1 1 1 2 2 2 2 2 3 3 3 3 3 3 3 3 3 4 4 4 4 4 4 5 5 5 5 5 5 5 5 5 5 5 
-------------------------------Final Model Lambda (Pi, A, B) after iterations 6--------------------------------
---------------A Matrix----------------
7.478669e-001   2.521331e-001   0.000000e+000   0.000000e+000   0.000000e+000   
0.000000e+000   8.031632e-001   1.968368e-001   0.000000e+000   0.000000e+000   
0.000000e+000   0.000000e+000   8.852544e-001   1.147456e-001   0.000000e+000   
0.000000e+000   0.000000e+000   0.000000e+000   8.375221e-001   1.624779e-001   
0.000000e+000   0.000000e+000   0.000000e+000   0.000000e+000   1.000000e+000   
---------------B Matrix----------------
1.000000e-030   1.000000e-030   1.000000e-030   5.586314e-232   1.000000e-030   1.000000e-030   9.524604e-133   1.263881e-012   1.000000e-030   1.000000e-030   1.000000e-030   4.825927e-001   1.000000e-030   5.042662e-001   1.000000e-030   1.000000e-030   1.000000e-030   5.917421e-006   1.313527e-002   1.000000e-030   1.000000e-030   1.000000e-030   1.000000e-030   1.000000e-030   1.000000e-030   1.000000e-030   1.000000e-030   1.000000e-030   1.000000e-030   1.000000e-030   1.000000e-030   1.000000e-030   
1.000000e-030   1.000000e-030   1.000000e-030   5.295781e-043   1.000000e-030   1.000000e-030   1.706854e-021   3.924625e-001   1.000000e-030   1.000000e-030   1.000000e-030   1.692021e-002   1.000000e-030   2.980907e-009   1.000000e-030   1.484736e-250   7.813881e-182   3.308940e-001   2.597233e-001   1.000000e-030   1.000000e-030   1.000000e-030   1.000000e-030   1.000000e-030   1.000000e-030   1.000000e-030   1.000000e-030   1.000000e-030   1.000000e-030   1.000000e-030   1.000000e-030   1.000000e-030   
1.000000e-030   1.000000e-030   1.000000e-030   5.193637e-008   1.000000e-030   1.000000e-030   9.533508e-004   7.060746e-004   1.000000e-030   1.000000e-030   1.000000e-030   9.977266e-014   1.000000e-030   4.918381e-205   1.000000e-030   4.488281e-173   1.825575e-065   2.433725e-001   7.549680e-001   1.000000e-030   1.000000e-030   1.000000e-030   1.000000e-030   1.000000e-030   1.000000e-030   1.000000e-030   1.000000e-030   1.000000e-030   1.000000e-030   1.000000e-030   1.000000e-030   1.000000e-030   
1.000000e-030   1.000000e-030   1.000000e-030   3.249558e-001   1.000000e-030   1.000000e-030   3.235721e-001   5.186083e-004   1.000000e-030   1.000000e-030   1.000000e-030   1.624779e-001   1.000000e-030   3.548973e-108   1.000000e-030   4.791925e-067   5.735305e-035   3.216152e-002   1.563140e-001   1.000000e-030   1.000000e-030   1.000000e-030   1.000000e-030   1.000000e-030   1.000000e-030   1.000000e-030   1.000000e-030   1.000000e-030   1.000000e-030   1.000000e-030   1.000000e-030   1.000000e-030   
1.000000e-030   1.000000e-030   1.000000e-030   4.454777e-015   1.000000e-030   1.000000e-030   2.062895e-005   5.946929e-001   1.000000e-030   1.000000e-030   1.000000e-030   4.359918e-009   1.000000e-030   9.916823e-002   1.000000e-030   9.916823e-002   9.916823e-002   9.916823e-002   8.613561e-003   1.000000e-030   1.000000e-030   1.000000e-030   1.000000e-030   1.000000e-030   1.000000e-030   1.000000e-030   1.000000e-030   1.000000e-030   1.000000e-030   1.000000e-030   1.000000e-030   1.000000e-030   
---------------Pi values----------------
1.000000e+000   0.000000e+000   0.000000e+000   0.000000e+000   0.000000e+000   
------------------------------------------------ opening file input/recordings/Digit 5/rec_14.txt ------------------------------------------------
->obs seq:   13   14   12    8    8    8    8    8   23   23   12   19   19   19   19   19   19   12   12    4    4    4    4    4   18   12   23   18   18   23    8   18   17   12    7 
iteration: 2
-->pstar : 3.34096e-056
-->qstar : 1 2 3 4 5 5 5 5 5 5 5 5 5 5 5 5 5 5 5 5 5 5 5 5 5 5 5 5 5 5 5 5 5 5 5 
iteration: 3
-->pstar : 1.54735e-057
-->qstar : 1 1 2 2 2 2 2 2 3 3 4 4 4 4 4 4 4 5 5 5 5 5 5 5 5 5 5 5 5 5 5 5 5 5 5 
-------------------------------Final Model Lambda (Pi, A, B) after iterations 3--------------------------------
---------------A Matrix----------------
7.640651e-001   2.359349e-001   0.000000e+000   0.000000e+000   0.000000e+000   
0.000000e+000   8.047620e-001   1.952380e-001   0.000000e+000   0.000000e+000   
0.000000e+000   0.000000e+000   7.907502e-001   2.092498e-001   0.000000e+000   
0.000000e+000   0.000000e+000   0.000000e+000   8.097718e-001   1.902282e-001   
0.000000e+000   0.000000e+000   0.000000e+000   0.000000e+000   1.000000e+000   
---------------B Matrix----------------
1.000000e-030   1.000000e-030   1.000000e-030   5.966605e-012   1.000000e-030   1.000000e-030   1.000000e-030   3.518696e-001   1.000000e-030   1.000000e-030   1.000000e-030   1.798508e-001   2.359349e-001   2.244540e-001   1.000000e-030   1.000000e-030   2.074617e-026   2.234943e-019   1.282938e-004   1.000000e-030   1.000000e-030   1.000000e-030   7.762482e-003   1.000000e-030   1.000000e-030   1.000000e-030   1.000000e-030   1.000000e-030   1.000000e-030   1.000000e-030   1.000000e-030   1.000000e-030   
1.000000e-030   1.000000e-030   1.000000e-030   1.309025e-005   1.000000e-030   1.000000e-030   1.000000e-030   6.286774e-001   1.000000e-030   1.000000e-030   1.000000e-030   1.025844e-001   1.000000e-030   9.500552e-003   1.000000e-030   1.000000e-030   9.029179e-014   7.063828e-010   5.621792e-002   1.000000e-030   1.000000e-030   1.000000e-030   2.030066e-001   1.000000e-030   1.000000e-030   1.000000e-030   1.000000e-030   1.000000e-030   1.000000e-030   1.000000e-030   1.000000e-030   1.000000e-030   
1.000000e-030   1.000000e-030   1.000000e-030   9.351574e-003   1.000000e-030   1.000000e-030   1.000000e-030   5.981984e-002   1.000000e-030   1.000000e-030   1.000000e-030   1.644244e-001   1.000000e-030   1.000000e-030   1.000000e-030   1.000000e-030   5.798627e-008   3.380378e-005   5.857820e-001   1.000000e-030   1.000000e-030   1.000000e-030   1.805883e-001   1.000000e-030   1.000000e-030   1.000000e-030   1.000000e-030   1.000000e-030   1.000000e-030   1.000000e-030   1.000000e-030   1.000000e-030   
1.000000e-030   1.000000e-030   1.000000e-030   2.153265e-001   1.000000e-030   1.000000e-030   1.000000e-030   7.026792e-004   1.000000e-030   1.000000e-030   1.000000e-030   2.361566e-001   1.000000e-030   1.000000e-030   1.000000e-030   1.000000e-030   3.255658e-005   9.054324e-003   5.235838e-001   1.000000e-030   1.000000e-030   1.000000e-030   1.514349e-002   1.000000e-030   1.000000e-030   1.000000e-030   1.000000e-030   1.000000e-030   1.000000e-030   1.000000e-030   1.000000e-030   1.000000e-030   
1.000000e-030   1.000000e-030   1.000000e-030   2.618008e-001   1.000000e-030   1.000000e-030   1.000000e-030   6.840348e-002   1.000000e-030   1.000000e-030   1.000000e-030   1.838627e-001   1.000000e-030   1.000000e-030   1.000000e-030   1.000000e-030   6.846105e-002   2.706213e-001   1.095389e-002   1.000000e-030   1.000000e-030   1.000000e-030   1.358968e-001   1.000000e-030   1.000000e-030   1.000000e-030   1.000000e-030   1.000000e-030   1.000000e-030   1.000000e-030   1.000000e-030   1.000000e-030   
---------------Pi values----------------
1.000000e+000   0.000000e+000   0.000000e+000   0.000000e+000   0.000000e+000   
------------------------------------------------ opening file input/recordings/Digit 5/rec_15.txt ------------------------------------------------
->obs seq:   12   12   12   16   14   12    8    4   18   23   19   19   19   19   22   19   12    4    4    4    4    7   10    9   17   17   19   17   12   11   14   14   12   16    7 
iteration: 2
-->pstar : 3.34096e-056
-->qstar : 1 2 3 4 5 5 5 5 5 5 5 5 5 5 5 5 5 5 5 5 5 5 5 5 5 5 5 5 5 5 5 5 5 5 5 
iteration: 3
-->pstar : 1.27023e-034
-->qstar : 1 1 1 1 1 1 2 3 3 3 3 3 3 3 3 3 3 4 4 4 4 5 5 5 5 5 5 5 5 5 5 5 5 5 5 
iteration: 4
-->pstar : 1.25706e-029
-->qstar : 1 1 1 1 1 1 2 2 2 3 3 3 3 3 3 3 4 4 4 4 4 4 5 5 5 5 5 5 5 5 5 5 5 5 5 
iteration: 5
-->pstar : 5.06146e-027
-->qstar : 1 1 1 1 1 1 2 2 2 2 3 3 3 3 3 3 4 4 4 4 4 4 5 5 5 5 5 5 5 5 5 5 5 5 5 
iteration: 6
-->pstar : 2.63149e-026
-->qstar : 1 1 1 1 1 1 2 2 2 2 3 3 3 3 3 3 4 4 4 4 4 4 5 5 5 5 5 5 5 5 5 5 5 5 5 
iteration: 7
-->pstar : 2.13473e-026
-->qstar : 1 1 1 1 1 1 2 2 2 2 3 3 3 3 3 3 4 4 4 4 4 4 5 5 5 5 5 5 5 5 5 5 5 5 5 
-------------------------------Final Model Lambda (Pi, A, B) after iterations 7--------------------------------
---------------A Matrix----------------
8.343146e-001   1.656854e-001   0.000000e+000   0.000000e+000   0.000000e+000   
0.000000e+000   7.250370e-001   2.749630e-001   0.000000e+000   0.000000e+000   
0.000000e+000   0.000000e+000   8.470497e-001   1.529503e-001   0.000000e+000   
0.000000e+000   0.000000e+000   0.000000e+000   8.399749e-001   1.600251e-001   
0.000000e+000   0.000000e+000   0.000000e+000   0.000000e+000   1.000000e+000   
---------------B Matrix----------------
1.000000e-030   1.000000e-030   1.000000e-030   1.587003e-007   1.000000e-030   1.000000e-030   1.000000e-030   7.598808e-003   1.000000e-030   1.000000e-030   1.000000e-030   6.610315e-001   1.000000e-030   1.656841e-001   1.000000e-030   1.656854e-001   1.000000e-030   6.855275e-020   5.072940e-106   1.000000e-030   1.000000e-030   1.000000e-030   2.825340e-051   1.000000e-030   1.000000e-030   1.000000e-030   1.000000e-030   1.000000e-030   1.000000e-030   1.000000e-030   1.000000e-030   1.000000e-030   
1.000000e-030   1.000000e-030   1.000000e-030   2.749602e-001   1.000000e-030   1.000000e-030   3.673497e-154   2.623524e-001   1.000000e-030   1.000000e-030   1.000000e-030   2.838302e-003   1.000000e-030   2.176146e-006   1.000000e-030   1.196024e-012   1.000000e-030   2.731272e-001   2.652067e-004   1.000000e-030   1.000000e-030   8.446557e-031   1.864545e-001   1.000000e-030   1.000000e-030   1.000000e-030   1.000000e-030   1.000000e-030   1.000000e-030   1.000000e-030   1.000000e-030   1.000000e-030   
1.000000e-030   1.000000e-030   1.000000e-030   1.860384e-005   1.000000e-030   1.000000e-030   9.202340e-036   5.487761e-019   7.593524e-152   4.391378e-076   1.000000e-030   3.276731e-002   1.000000e-030   2.264603e-050   1.000000e-030   3.462950e-091   4.647258e-266   1.021154e-003   7.640097e-001   1.000000e-030   1.000000e-030   1.529497e-001   4.923352e-002   1.000000e-030   1.000000e-030   1.000000e-030   1.000000e-030   1.000000e-030   1.000000e-030   1.000000e-030   1.000000e-030   1.000000e-030   
1.000000e-030   1.000000e-030   1.000000e-030   6.400822e-001   1.000000e-030   1.000000e-030   1.550238e-001   6.042116e-141   1.946167e-003   7.658331e-002   1.535966e-054   1.257421e-001   1.000000e-030   1.710716e-111   1.000000e-030   3.423660e-300   9.991681e-010   1.306901e-075   6.218070e-004   1.000000e-030   1.000000e-030   6.159306e-007   7.788778e-038   1.000000e-030   1.000000e-030   1.000000e-030   1.000000e-030   1.000000e-030   1.000000e-030   1.000000e-030   1.000000e-030   1.000000e-030   
1.000000e-030   1.000000e-030   1.000000e-030   3.495087e-008   1.000000e-030   1.000000e-030   2.708128e-003   1.000000e-030   8.559738e-002   4.518247e-002   8.665120e-002   1.733024e-001   1.000000e-030   1.733024e-001   1.000000e-030   8.665120e-002   2.599536e-001   4.126144e-296   8.665120e-002   1.000000e-030   1.000000e-030   9.470117e-056   3.589333e-186   1.000000e-030   1.000000e-030   1.000000e-030   1.000000e-030   1.000000e-030   1.000000e-030   1.000000e-030   1.000000e-030   1.000000e-030   
---------------Pi values----------------
1.000000e+000   0.000000e+000   0.000000e+000   0.000000e+000   0.000000e+000   
------------------------------------------------ opening file input/recordings/Digit 5/rec_16.txt ------------------------------------------------
->obs seq:   20   20   10   12   10   23   23    8   22    8    8   17   19   19   22   22   29    4    4    4    4    4    7   18    8   23   19    8   19   18   17   17   18   20    7 
iteration: 2
-->pstar : 3.34096e-056
-->qstar : 1 2 3 4 5 5 5 5 5 5 5 5 5 5 5 5 5 5 5 5 5 5 5 5 5 5 5 5 5 5 5 5 5 5 5 
iteration: 3
-->pstar : 1.78638e-034
-->qstar : 1 1 1 1 1 2 2 3 3 3 3 4 4 4 4 4 4 5 5 5 5 5 5 5 5 5 5 5 5 5 5 5 5 5 5 
iteration: 4
-->pstar : 3.77035e-029
-->qstar : 1 1 1 1 1 2 2 3 3 3 3 3 3 3 3 3 4 4 4 4 4 4 5 5 5 5 5 5 5 5 5 5 5 5 5 
iteration: 5
-->pstar : 1.78923e-026
-->qstar : 1 1 1 1 1 2 2 3 3 3 3 3 3 3 3 3 4 4 4 4 4 4 5 5 5 5 5 5 5 5 5 5 5 5 5 
iteration: 6
-->pstar : 1.24211e-025
-->qstar : 1 1 1 1 1 2 2 3 3 3 3 3 3 3 3 3 4 4 4 4 4 4 5 5 5 5 5 5 5 5 5 5 5 5 5 
iteration: 7
-->pstar : 2.36594e-025
-->qstar : 1 1 1 1 1 2 2 3 3 3 3 3 3 3 3 3 4 4 4 4 4 4 4 5 5 5 5 5 5 5 5 5 5 5 5 
iteration: 8
-->pstar : 4.23288e-025
-->qstar : 1 1 1 1 1 2 2 3 3 3 3 3 3 3 3 3 4 4 4 4 4 4 4 5 5 5 5 5 5 5 5 5 5 5 5 
iteration: 9
-->pstar : 5.66951e-025
-->qstar : 1 1 1 1 1 2 2 3 3 3 3 3 3 3 3 3 4 4 4 4 4 4 4 5 5 5 5 5 5 5 5 5 5 5 5 
iteration: 10
-->pstar : 6.14302e-025
-->qstar : 1 1 1 1 1 2 2 3 3 3 3 3 3 3 3 3 4 4 4 4 4 4 4 5 5 5 5 5 5 5 5 5 5 5 5 
iteration: 11
-->pstar : 5.81685e-025
-->qstar : 1 1 1 1 1 2 2 3 3 3 3 3 3 3 3 3 4 4 4 4 4 4 4 5 5 5 5 5 5 5 5 5 5 5 5 
-------------------------------Final Model Lambda (Pi, A, B) after iterations 11--------------------------------
---------------A Matrix----------------
7.987162e-001   2.012838e-001   0.000000e+000   0.000000e+000   0.000000e+000   
0.000000e+000   5.358238e-001   4.641762e-001   0.000000e+000   0.000000e+000   
0.000000e+000   0.000000e+000   8.874155e-001   1.125845e-001   0.000000e+000   
0.000000e+000   0.000000e+000   0.000000e+000   8.531395e-001   1.468605e-001   
0.000000e+000   0.000000e+000   0.000000e+000   0.000000e+000   1.000000e+000   
---------------B Matrix----------------
1.000000e-030   1.000000e-030   1.000000e-030   1.000000e-030   1.000000e-030   1.000000e-030   1.000000e-030   1.913011e-053   1.000000e-030   3.961344e-001   1.000000e-030   2.012838e-001   1.000000e-030   1.000000e-030   1.000000e-030   1.000000e-030   1.000000e-030   1.000000e-030   1.000000e-030   4.025676e-001   1.000000e-030   4.060770e-179   1.424104e-005   1.000000e-030   1.000000e-030   1.000000e-030   1.000000e-030   1.000000e-030   1.000000e-030   1.000000e-030   1.000000e-030   1.000000e-030   
1.000000e-030   1.000000e-030   1.000000e-030   1.000000e-030   1.000000e-030   1.000000e-030   1.000000e-030   5.679570e-002   1.000000e-030   1.483546e-002   1.000000e-030   2.633128e-008   1.000000e-030   1.000000e-030   1.000000e-030   1.000000e-030   1.434492e-021   1.000000e-030   4.662349e-070   2.392605e-041   1.000000e-030   4.920618e-005   9.283196e-001   1.000000e-030   1.000000e-030   1.000000e-030   1.000000e-030   1.000000e-030   1.000000e-030   1.000000e-030   1.000000e-030   1.000000e-030   
1.000000e-030   1.000000e-030   1.000000e-030   3.822512e-020   1.000000e-030   1.000000e-030   1.000000e-030   3.239778e-001   1.000000e-030   2.430700e-095   1.000000e-030   8.722136e-319   1.000000e-030   1.000000e-030   1.000000e-030   1.000000e-030   1.125845e-001   1.000000e-030   2.251689e-001   1.000000e-030   1.000000e-030   3.369953e-001   9.789410e-009   1.000000e-030   1.000000e-030   1.000000e-030   1.000000e-030   1.000000e-030   1.273474e-003   1.000000e-030   1.000000e-030   1.000000e-030   
1.000000e-030   1.000000e-030   1.000000e-030   7.343027e-001   1.000000e-030   1.000000e-030   1.195241e-001   1.940610e-032   1.000000e-030   1.000000e-030   1.000000e-030   1.000000e-030   1.000000e-030   1.000000e-030   1.000000e-030   1.000000e-030   2.690159e-104   4.946845e-007   3.588627e-020   1.000000e-030   1.000000e-030   9.732617e-004   8.535396e-117   1.000000e-030   1.000000e-030   1.000000e-030   1.000000e-030   1.000000e-030   1.451994e-001   1.000000e-030   1.000000e-030   1.000000e-030   
1.000000e-030   1.000000e-030   1.000000e-030   6.480340e-011   1.000000e-030   1.000000e-030   1.664012e-002   1.787928e-001   1.000000e-030   1.000000e-030   1.000000e-030   1.000000e-030   1.000000e-030   1.000000e-030   1.000000e-030   1.000000e-030   1.787928e-001   2.681888e-001   1.787928e-001   8.939638e-002   1.000000e-030   3.973045e-205   8.939638e-002   1.000000e-030   1.000000e-030   1.000000e-030   1.000000e-030   1.000000e-030   1.197354e-175   1.000000e-030   1.000000e-030   1.000000e-030   
---------------Pi values----------------
1.000000e+000   0.000000e+000   0.000000e+000   0.000000e+000   0.000000e+000   
------------------------------------------------ opening file input/recordings/Digit 5/rec_17.txt ------------------------------------------------
->obs seq:   14   14   12   14   12   14   18   12   17   10    8   18   18    8   19   19   19    4    4    9   10    8    8    8    8    8   18   11   12   12   12   18   12   16    7 
iteration: 2
-->pstar : 3.34096e-056
-->qstar : 1 2 3 4 5 5 5 5 5 5 5 5 5 5 5 5 5 5 5 5 5 5 5 5 5 5 5 5 5 5 5 5 5 5 5 
iteration: 3
-->pstar : 4.94818e-060
-->qstar : 1 1 1 1 1 1 2 2 2 3 3 3 3 4 4 4 4 4 4 4 4 5 5 5 5 5 5 5 5 5 5 5 5 5 5 
-------------------------------Final Model Lambda (Pi, A, B) after iterations 3--------------------------------
---------------A Matrix----------------
8.233899e-001   1.766101e-001   0.000000e+000   0.000000e+000   0.000000e+000   
0.000000e+000   7.339791e-001   2.660209e-001   0.000000e+000   0.000000e+000   
0.000000e+000   0.000000e+000   7.926927e-001   2.073073e-001   0.000000e+000   
0.000000e+000   0.000000e+000   0.000000e+000   8.641313e-001   1.358687e-001   
0.000000e+000   0.000000e+000   0.000000e+000   0.000000e+000   1.000000e+000   
---------------B Matrix----------------
1.000000e-030   1.000000e-030   1.000000e-030   1.183863e-010   1.000000e-030   1.000000e-030   1.000000e-030   3.718495e-004   7.025530e-013   1.780572e-003   2.577845e-020   3.249758e-001   1.000000e-030   6.141438e-001   1.000000e-030   3.225708e-022   7.762836e-003   5.096492e-002   2.350827e-007   1.000000e-030   1.000000e-030   1.000000e-030   1.000000e-030   1.000000e-030   1.000000e-030   1.000000e-030   1.000000e-030   1.000000e-030   1.000000e-030   1.000000e-030   1.000000e-030   1.000000e-030   
1.000000e-030   1.000000e-030   1.000000e-030   2.118848e-004   1.000000e-030   1.000000e-030   1.000000e-030   7.733630e-002   1.594204e-005   1.110696e-001   1.161184e-009   2.671345e-001   1.000000e-030   1.353895e-001   1.000000e-030   1.132060e-010   1.631713e-001   2.394540e-001   6.216961e-003   1.000000e-030   1.000000e-030   1.000000e-030   1.000000e-030   1.000000e-030   1.000000e-030   1.000000e-030   1.000000e-030   1.000000e-030   1.000000e-030   1.000000e-030   1.000000e-030   1.000000e-030   
1.000000e-030   1.000000e-030   1.000000e-030   5.037928e-002   1.000000e-030   1.000000e-030   1.000000e-030   2.457750e-001   1.230299e-002   1.164767e-001   2.040149e-005   3.162625e-002   1.000000e-030   2.826117e-003   1.000000e-030   6.072641e-007   6.858211e-002   2.713380e-001   2.006725e-001   1.000000e-030   1.000000e-030   1.000000e-030   1.000000e-030   1.000000e-030   1.000000e-030   1.000000e-030   1.000000e-030   1.000000e-030   1.000000e-030   1.000000e-030   1.000000e-030   1.000000e-030   
1.000000e-030   1.000000e-030   1.000000e-030   2.015808e-001   1.000000e-030   1.000000e-030   1.000000e-030   2.727670e-001   9.216804e-002   8.855222e-002   3.534234e-003   2.382512e-003   1.000000e-030   3.528453e-006   1.000000e-030   1.902344e-005   1.608001e-003   7.738468e-002   2.599999e-001   1.000000e-030   1.000000e-030   1.000000e-030   1.000000e-030   1.000000e-030   1.000000e-030   1.000000e-030   1.000000e-030   1.000000e-030   1.000000e-030   1.000000e-030   1.000000e-030   1.000000e-030   
1.000000e-030   1.000000e-030   1.000000e-030   2.200049e-002   1.000000e-030   1.000000e-030   1.000000e-030   2.835063e-001   2.116130e-002   2.895091e-002   7.856658e-002   3.215333e-001   1.000000e-030   9.481258e-011   1.000000e-030   8.066122e-002   8.997222e-007   1.559355e-001   7.683518e-003   1.000000e-030   1.000000e-030   1.000000e-030   1.000000e-030   1.000000e-030   1.000000e-030   1.000000e-030   1.000000e-030   1.000000e-030   1.000000e-030   1.000000e-030   1.000000e-030   1.000000e-030   
---------------Pi values----------------
1.000000e+000   0.000000e+000   0.000000e+000   0.000000e+000   0.000000e+000   
------------------------------------------------ opening file input/recordings/Digit 5/rec_18.txt ------------------------------------------------
->obs seq:    7   12   14   17    8    8   23    8   19    8    8   23   18   19   19   19   19   19   19   29    7    7    4    4    7   10   12   18   10    9   17    9   11   14    7 
iteration: 2
-->pstar : 3.34096e-056
-->qstar : 1 2 3 4 5 5 5 5 5 5 5 5 5 5 5 5 5 5 5 5 5 5 5 5 5 5 5 5 5 5 5 5 5 5 5 
iteration: 3
-->pstar : 1.02901e-033
-->qstar : 1 1 1 1 2 2 2 2 2 2 2 2 3 4 4 4 4 4 4 5 5 5 5 5 5 5 5 5 5 5 5 5 5 5 5 
iteration: 4
-->pstar : 2.13109e-028
-->qstar : 1 1 1 1 2 2 2 2 2 2 2 2 3 4 4 4 4 4 4 4 5 5 5 5 5 5 5 5 5 5 5 5 5 5 5 
iteration: 5
-->pstar : 4.70083e-027
-->qstar : 1 1 1 1 2 2 2 2 2 2 2 2 3 4 4 4 4 4 4 4 5 5 5 5 5 5 5 5 5 5 5 5 5 5 5 
iteration: 6
-->pstar : 1.86641e-026
-->qstar : 1 1 1 1 2 2 2 2 2 2 2 2 3 4 4 4 4 4 4 4 5 5 5 5 5 5 5 5 5 5 5 5 5 5 5 
iteration: 7
-->pstar : 5.00411e-026
-->qstar : 1 1 1 1 2 2 2 2 2 2 2 2 3 4 4 4 4 4 4 4 5 5 5 5 5 5 5 5 5 5 5 5 5 5 5 
iteration: 8
-->pstar : 1.11218e-025
-->qstar : 1 1 1 1 2 2 2 2 2 2 2 2 3 4 4 4 4 4 4 4 5 5 5 5 5 5 5 5 5 5 5 5 5 5 5 
iteration: 9
-->pstar : 2.23073e-025
-->qstar : 1 1 1 1 2 2 2 2 2 2 2 2 3 4 4 4 4 4 4 4 5 5 5 5 5 5 5 5 5 5 5 5 5 5 5 
iteration: 10
-->pstar : 3.96971e-025
-->qstar : 1 1 1 1 2 2 2 2 2 2 2 2 3 4 4 4 4 4 4 4 5 5 5 5 5 5 5 5 5 5 5 5 5 5 5 
iteration: 11
-->pstar : 6.08981e-025
-->qstar : 1 1 1 1 2 2 2 2 2 2 2 2 3 4 4 4 4 4 4 4 5 5 5 5 5 5 5 5 5 5 5 5 5 5 5 
iteration: 12
-->pstar : 8.33111e-025
-->qstar : 1 1 1 1 2 2 2 2 2 2 2 2 3 4 4 4 4 4 4 4 5 5 5 5 5 5 5 5 5 5 5 5 5 5 5 
iteration: 13
-->pstar : 1.06484e-024
-->qstar : 1 1 1 1 2 2 2 2 2 2 2 2 3 4 4 4 4 4 4 4 5 5 5 5 5 5 5 5 5 5 5 5 5 5 5 
iteration: 14
-->pstar : 1.29477e-024
-->qstar : 1 1 1 1 2 2 2 2 2 2 2 2 3 4 4 4 4 4 4 4 5 5 5 5 5 5 5 5 5 5 5 5 5 5 5 
iteration: 15
-->pstar : 1.47379e-024
-->qstar : 1 1 1 1 2 2 2 2 2 2 2 2 3 4 4 4 4 4 4 4 5 5 5 5 5 5 5 5 5 5 5 5 5 5 5 
iteration: 16
-->pstar : 1.55432e-024
-->qstar : 1 1 1 1 2 2 2 2 2 2 2 2 3 4 4 4 4 4 4 4 5 5 5 5 5 5 5 5 5 5 5 5 5 5 5 
iteration: 17
-->pstar : 1.58006e-024
-->qstar : 1 1 1 1 2 2 2 2 2 2 2 2 3 4 4 4 4 4 4 4 5 5 5 5 5 5 5 5 5 5 5 5 5 5 5 
iteration: 18
-->pstar : 1.59328e-024
-->qstar : 1 1 1 1 2 2 2 2 2 2 2 2 3 4 4 4 4 4 4 4 5 5 5 5 5 5 5 5 5 5 5 5 5 5 5 
iteration: 19
-->pstar : 1.60099e-024
-->qstar : 1 1 1 1 2 2 2 2 2 2 2 2 3 4 4 4 4 4 4 4 5 5 5 5 5 5 5 5 5 5 5 5 5 5 5 
iteration: 20
-->pstar : 1.60546e-024
-->qstar : 1 1 1 1 2 2 2 2 2 2 2 2 3 4 4 4 4 4 4 4 5 5 5 5 5 5 5 5 5 5 5 5 5 5 5 
iteration: 21
-->pstar : 1.60803e-024
-->qstar : 1 1 1 1 2 2 2 2 2 2 2 2 3 4 4 4 4 4 4 4 5 5 5 5 5 5 5 5 5 5 5 5 5 5 5 
iteration: 22
-->pstar : 1.60951e-024
-->qstar : 1 1 1 1 2 2 2 2 2 2 2 2 3 4 4 4 4 4 4 4 5 5 5 5 5 5 5 5 5 5 5 5 5 5 5 
iteration: 23
-->pstar : 1.61035e-024
-->qstar : 1 1 1 1 2 2 2 2 2 2 2 2 3 4 4 4 4 4 4 4 5 5 5 5 5 5 5 5 5 5 5 5 5 5 5 
iteration: 24
-->pstar : 1.61084e-024
-->qstar : 1 1 1 1 2 2 2 2 2 2 2 2 3 4 4 4 4 4 4 4 5 5 5 5 5 5 5 5 5 5 5 5 5 5 5 
iteration: 25
-->pstar : 1.61112e-024
-->qstar : 1 1 1 1 2 2 2 2 2 2 2 2 3 4 4 4 4 4 4 4 5 5 5 5 5 5 5 5 5 5 5 5 5 5 5 
iteration: 26
-->pstar : 1.61128e-024
-->qstar : 1 1 1 1 2 2 2 2 2 2 2 2 3 4 4 4 4 4 4 4 5 5 5 5 5 5 5 5 5 5 5 5 5 5 5 
iteration: 27
-->pstar : 1.61137e-024
-->qstar : 1 1 1 1 2 2 2 2 2 2 2 2 3 4 4 4 4 4 4 4 5 5 5 5 5 5 5 5 5 5 5 5 5 5 5 
iteration: 28
-->pstar : 1.61142e-024
-->qstar : 1 1 1 1 2 2 2 2 2 2 2 2 3 4 4 4 4 4 4 4 5 5 5 5 5 5 5 5 5 5 5 5 5 5 5 
iteration: 29
-->pstar : 1.61145e-024
-->qstar : 1 1 1 1 2 2 2 2 2 2 2 2 3 4 4 4 4 4 4 4 5 5 5 5 5 5 5 5 5 5 5 5 5 5 5 
iteration: 30
-->pstar : 1.61147e-024
-->qstar : 1 1 1 1 2 2 2 2 2 2 2 2 3 4 4 4 4 4 4 4 5 5 5 5 5 5 5 5 5 5 5 5 5 5 5 
iteration: 31
-->pstar : 1.61148e-024
-->qstar : 1 1 1 1 2 2 2 2 2 2 2 2 3 4 4 4 4 4 4 4 5 5 5 5 5 5 5 5 5 5 5 5 5 5 5 
iteration: 32
-->pstar : 1.61148e-024
-->qstar : 1 1 1 1 2 2 2 2 2 2 2 2 3 4 4 4 4 4 4 4 5 5 5 5 5 5 5 5 5 5 5 5 5 5 5 
iteration: 33
-->pstar : 1.61148e-024
-->qstar : 1 1 1 1 2 2 2 2 2 2 2 2 3 4 4 4 4 4 4 4 5 5 5 5 5 5 5 5 5 5 5 5 5 5 5 
iteration: 34
-->pstar : 1.61149e-024
-->qstar : 1 1 1 1 2 2 2 2 2 2 2 2 3 4 4 4 4 4 4 4 5 5 5 5 5 5 5 5 5 5 5 5 5 5 5 
iteration: 35
-->pstar : 1.61149e-024
-->qstar : 1 1 1 1 2 2 2 2 2 2 2 2 3 4 4 4 4 4 4 4 5 5 5 5 5 5 5 5 5 5 5 5 5 5 5 
iteration: 36
-->pstar : 1.61149e-024
-->qstar : 1 1 1 1 2 2 2 2 2 2 2 2 3 4 4 4 4 4 4 4 5 5 5 5 5 5 5 5 5 5 5 5 5 5 5 
iteration: 37
-->pstar : 1.61149e-024
-->qstar : 1 1 1 1 2 2 2 2 2 2 2 2 3 4 4 4 4 4 4 4 5 5 5 5 5 5 5 5 5 5 5 5 5 5 5 
iteration: 38
-->pstar : 1.61149e-024
-->qstar : 1 1 1 1 2 2 2 2 2 2 2 2 3 4 4 4 4 4 4 4 5 5 5 5 5 5 5 5 5 5 5 5 5 5 5 
iteration: 39
-->pstar : 1.61149e-024
-->qstar : 1 1 1 1 2 2 2 2 2 2 2 2 3 4 4 4 4 4 4 4 5 5 5 5 5 5 5 5 5 5 5 5 5 5 5 
iteration: 40
-->pstar : 1.61149e-024
-->qstar : 1 1 1 1 2 2 2 2 2 2 2 2 3 4 4 4 4 4 4 4 5 5 5 5 5 5 5 5 5 5 5 5 5 5 5 
iteration: 41
-->pstar : 1.61149e-024
-->qstar : 1 1 1 1 2 2 2 2 2 2 2 2 3 4 4 4 4 4 4 4 5 5 5 5 5 5 5 5 5 5 5 5 5 5 5 
iteration: 42
-->pstar : 1.61149e-024
-->qstar : 1 1 1 1 2 2 2 2 2 2 2 2 3 4 4 4 4 4 4 4 5 5 5 5 5 5 5 5 5 5 5 5 5 5 5 
iteration: 43
-->pstar : 1.61149e-024
-->qstar : 1 1 1 1 2 2 2 2 2 2 2 2 3 4 4 4 4 4 4 4 5 5 5 5 5 5 5 5 5 5 5 5 5 5 5 
iteration: 44
-->pstar : 1.61149e-024
-->qstar : 1 1 1 1 2 2 2 2 2 2 2 2 3 4 4 4 4 4 4 4 5 5 5 5 5 5 5 5 5 5 5 5 5 5 5 
iteration: 45
-->pstar : 1.61149e-024
-->qstar : 1 1 1 1 2 2 2 2 2 2 2 2 3 4 4 4 4 4 4 4 5 5 5 5 5 5 5 5 5 5 5 5 5 5 5 
iteration: 46
-->pstar : 1.61149e-024
-->qstar : 1 1 1 1 2 2 2 2 2 2 2 2 3 4 4 4 4 4 4 4 5 5 5 5 5 5 5 5 5 5 5 5 5 5 5 
iteration: 47
-->pstar : 1.61149e-024
-->qstar : 1 1 1 1 2 2 2 2 2 2 2 2 3 4 4 4 4 4 4 4 5 5 5 5 5 5 5 5 5 5 5 5 5 5 5 
iteration: 48
-->pstar : 1.61149e-024
-->qstar : 1 1 1 1 2 2 2 2 2 2 2 2 3 4 4 4 4 4 4 4 5 5 5 5 5 5 5 5 5 5 5 5 5 5 5 
iteration: 49
-->pstar : 1.61149e-024
-->qstar : 1 1 1 1 2 2 2 2 2 2 2 2 3 4 4 4 4 4 4 4 5 5 5 5 5 5 5 5 5 5 5 5 5 5 5 
iteration: 50
-->pstar : 1.61149e-024
-->qstar : 1 1 1 1 2 2 2 2 2 2 2 2 3 4 4 4 4 4 4 4 5 5 5 5 5 5 5 5 5 5 5 5 5 5 5 
iteration: 51
-->pstar : 1.61149e-024
-->qstar : 1 1 1 1 2 2 2 2 2 2 2 2 3 4 4 4 4 4 4 4 5 5 5 5 5 5 5 5 5 5 5 5 5 5 5 
iteration: 52
-->pstar : 1.61149e-024
-->qstar : 1 1 1 1 2 2 2 2 2 2 2 2 3 4 4 4 4 4 4 4 5 5 5 5 5 5 5 5 5 5 5 5 5 5 5 
iteration: 53
-->pstar : 1.61149e-024
-->qstar : 1 1 1 1 2 2 2 2 2 2 2 2 3 4 4 4 4 4 4 4 5 5 5 5 5 5 5 5 5 5 5 5 5 5 5 
iteration: 54
-->pstar : 1.61149e-024
-->qstar : 1 1 1 1 2 2 2 2 2 2 2 2 3 4 4 4 4 4 4 4 5 5 5 5 5 5 5 5 5 5 5 5 5 5 5 
iteration: 55
-->pstar : 1.61149e-024
-->qstar : 1 1 1 1 2 2 2 2 2 2 2 2 3 4 4 4 4 4 4 4 5 5 5 5 5 5 5 5 5 5 5 5 5 5 5 
iteration: 56
-->pstar : 1.61149e-024
-->qstar : 1 1 1 1 2 2 2 2 2 2 2 2 3 4 4 4 4 4 4 4 5 5 5 5 5 5 5 5 5 5 5 5 5 5 5 
iteration: 57
-->pstar : 1.61149e-024
-->qstar : 1 1 1 1 2 2 2 2 2 2 2 2 3 4 4 4 4 4 4 4 5 5 5 5 5 5 5 5 5 5 5 5 5 5 5 
iteration: 58
-->pstar : 1.61149e-024
-->qstar : 1 1 1 1 2 2 2 2 2 2 2 2 3 4 4 4 4 4 4 4 5 5 5 5 5 5 5 5 5 5 5 5 5 5 5 
iteration: 59
-->pstar : 1.61149e-024
-->qstar : 1 1 1 1 2 2 2 2 2 2 2 2 3 4 4 4 4 4 4 4 5 5 5 5 5 5 5 5 5 5 5 5 5 5 5 
iteration: 60
-->pstar : 1.61149e-024
-->qstar : 1 1 1 1 2 2 2 2 2 2 2 2 3 4 4 4 4 4 4 4 5 5 5 5 5 5 5 5 5 5 5 5 5 5 5 
iteration: 61
-->pstar : 1.61149e-024
-->qstar : 1 1 1 1 2 2 2 2 2 2 2 2 3 4 4 4 4 4 4 4 5 5 5 5 5 5 5 5 5 5 5 5 5 5 5 
iteration: 62
-->pstar : 1.61149e-024
-->qstar : 1 1 1 1 2 2 2 2 2 2 2 2 3 4 4 4 4 4 4 4 5 5 5 5 5 5 5 5 5 5 5 5 5 5 5 
iteration: 63
-->pstar : 1.61149e-024
-->qstar : 1 1 1 1 2 2 2 2 2 2 2 2 3 4 4 4 4 4 4 4 5 5 5 5 5 5 5 5 5 5 5 5 5 5 5 
iteration: 64
-->pstar : 1.61149e-024
-->qstar : 1 1 1 1 2 2 2 2 2 2 2 2 3 4 4 4 4 4 4 4 5 5 5 5 5 5 5 5 5 5 5 5 5 5 5 
iteration: 65
-->pstar : 1.61149e-024
-->qstar : 1 1 1 1 2 2 2 2 2 2 2 2 3 4 4 4 4 4 4 4 5 5 5 5 5 5 5 5 5 5 5 5 5 5 5 
iteration: 66
-->pstar : 1.61149e-024
-->qstar : 1 1 1 1 2 2 2 2 2 2 2 2 3 4 4 4 4 4 4 4 5 5 5 5 5 5 5 5 5 5 5 5 5 5 5 
iteration: 67
-->pstar : 1.61149e-024
-->qstar : 1 1 1 1 2 2 2 2 2 2 2 2 3 4 4 4 4 4 4 4 5 5 5 5 5 5 5 5 5 5 5 5 5 5 5 
iteration: 68
-->pstar : 1.61149e-024
-->qstar : 1 1 1 1 2 2 2 2 2 2 2 2 3 4 4 4 4 4 4 4 5 5 5 5 5 5 5 5 5 5 5 5 5 5 5 
iteration: 69
-->pstar : 1.61149e-024
-->qstar : 1 1 1 1 2 2 2 2 2 2 2 2 3 4 4 4 4 4 4 4 5 5 5 5 5 5 5 5 5 5 5 5 5 5 5 
iteration: 70
-->pstar : 1.61149e-024
-->qstar : 1 1 1 1 2 2 2 2 2 2 2 2 3 4 4 4 4 4 4 4 5 5 5 5 5 5 5 5 5 5 5 5 5 5 5 
iteration: 71
-->pstar : 1.61149e-024
-->qstar : 1 1 1 1 2 2 2 2 2 2 2 2 3 4 4 4 4 4 4 4 5 5 5 5 5 5 5 5 5 5 5 5 5 5 5 
-------------------------------Final Model Lambda (Pi, A, B) after iterations 71--------------------------------
---------------A Matrix----------------
7.500000e-001   2.500000e-001   0.000000e+000   0.000000e+000   0.000000e+000   
0.000000e+000   8.750000e-001   1.250000e-001   0.000000e+000   0.000000e+000   
0.000000e+000   0.000000e+000   0.000000e+000   1.000000e+000   0.000000e+000   
0.000000e+000   0.000000e+000   0.000000e+000   8.571429e-001   1.428571e-001   
0.000000e+000   0.000000e+000   0.000000e+000   0.000000e+000   1.000000e+000   
---------------B Matrix----------------
1.000000e-030   1.000000e-030   1.000000e-030   1.000000e-030   1.000000e-030   1.000000e-030   2.500000e-001   2.147390e-033   1.000000e-030   1.000000e-030   1.000000e-030   2.500000e-001   1.000000e-030   2.500000e-001   1.000000e-030   1.000000e-030   2.500000e-001   1.000000e-030   3.724852e-156   1.000000e-030   1.000000e-030   1.000000e-030   6.324045e-095   1.000000e-030   1.000000e-030   1.000000e-030   1.000000e-030   1.000000e-030   1.000000e-030   1.000000e-030   1.000000e-030   1.000000e-030   
1.000000e-030   1.000000e-030   1.000000e-030   1.000000e-030   1.000000e-030   1.000000e-030   1.000000e-030   6.250000e-001   1.000000e-030   1.000000e-030   1.000000e-030   1.987728e-303   1.000000e-030   4.259418e-274   1.000000e-030   1.000000e-030   1.388056e-017   2.564204e-243   1.250000e-001   1.000000e-030   1.000000e-030   1.000000e-030   2.500000e-001   1.000000e-030   1.000000e-030   1.000000e-030   1.000000e-030   1.000000e-030   1.000000e-030   1.000000e-030   1.000000e-030   1.000000e-030   
1.000000e-030   1.000000e-030   1.000000e-030   1.000000e-030   1.000000e-030   1.000000e-030   1.000000e-030   1.000000e-030   1.000000e-030   1.000000e-030   1.000000e-030   1.000000e-030   1.000000e-030   1.000000e-030   1.000000e-030   1.000000e-030   1.000000e-030   1.000000e+000   2.051363e-242   1.000000e-030   1.000000e-030   1.000000e-030   4.134680e-239   1.000000e-030   1.000000e-030   1.000000e-030   1.000000e-030   1.000000e-030   5.344072e-300   1.000000e-030   1.000000e-030   1.000000e-030   
1.000000e-030   1.000000e-030   1.000000e-030   4.178811e-091   1.000000e-030   1.000000e-030   9.378201e-017   1.000000e-030   1.000000e-030   1.117216e-194   1.000000e-030   1.340659e-223   1.000000e-030   1.000000e-030   1.000000e-030   1.000000e-030   1.000000e-030   5.906686e-240   8.571429e-001   1.000000e-030   1.000000e-030   1.000000e-030   1.000000e-030   1.000000e-030   1.000000e-030   1.000000e-030   1.000000e-030   1.000000e-030   1.428571e-001   1.000000e-030   1.000000e-030   1.000000e-030   
1.000000e-030   1.000000e-030   1.000000e-030   1.428571e-001   1.000000e-030   1.000000e-030   2.142857e-001   1.000000e-030   1.428571e-001   1.428571e-001   7.142857e-002   7.142857e-002   1.000000e-030   7.142857e-002   1.000000e-030   1.000000e-030   7.142857e-002   7.142857e-002   1.361917e-160   1.000000e-030   1.000000e-030   1.000000e-030   1.000000e-030   1.000000e-030   1.000000e-030   1.000000e-030   1.000000e-030   1.000000e-030   4.088769e-020   1.000000e-030   1.000000e-030   1.000000e-030   
---------------Pi values----------------
1.000000e+000   0.000000e+000   0.000000e+000   0.000000e+000   0.000000e+000   
------------------------------------------------ opening file input/recordings/Digit 5/rec_19.txt ------------------------------------------------
->obs seq:   14   12   12   10   17   23    8    8   19    8    8   18   19   19   19   19   19   23   23    4    7    4   11   12   23    7   18    8   23   19   19   19   18   18    7 
iteration: 2
-->pstar : 3.34096e-056
-->qstar : 1 2 3 4 5 5 5 5 5 5 5 5 5 5 5 5 5 5 5 5 5 5 5 5 5 5 5 5 5 5 5 5 5 5 5 
iteration: 3
-->pstar : 2.93243e-031
-->qstar : 1 1 1 1 2 2 2 2 3 3 4 5 5 5 5 5 5 5 5 5 5 5 5 5 5 5 5 5 5 5 5 5 5 5 5 
iteration: 4
-->pstar : 2.18569e-028
-->qstar : 1 1 1 1 2 2 2 2 3 3 3 3 4 4 4 4 4 5 5 5 5 5 5 5 5 5 5 5 5 5 5 5 5 5 5 
iteration: 5
-->pstar : 1.02431e-026
-->qstar : 1 1 1 1 2 2 3 3 3 3 3 3 4 4 4 4 4 5 5 5 5 5 5 5 5 5 5 5 5 5 5 5 5 5 5 
iteration: 6
-->pstar : 6.91939e-026
-->qstar : 1 1 1 1 2 2 3 3 3 3 3 3 4 4 4 4 4 5 5 5 5 5 5 5 5 5 5 5 5 5 5 5 5 5 5 
iteration: 7
-->pstar : 1.94494e-025
-->qstar : 1 1 1 1 2 2 3 3 3 3 3 3 4 4 4 4 4 5 5 5 5 5 5 5 5 5 5 5 5 5 5 5 5 5 5 
iteration: 8
-->pstar : 3.50489e-025
-->qstar : 1 1 1 1 2 2 3 3 3 3 3 3 4 4 4 4 4 5 5 5 5 5 5 5 5 5 5 5 5 5 5 5 5 5 5 
iteration: 9
-->pstar : 4.93157e-025
-->qstar : 1 1 1 1 2 2 3 3 3 3 3 3 4 4 4 4 4 5 5 5 5 5 5 5 5 5 5 5 5 5 5 5 5 5 5 
iteration: 10
-->pstar : 5.96314e-025
-->qstar : 1 1 1 1 2 2 3 3 3 3 3 3 4 4 4 4 4 5 5 5 5 5 5 5 5 5 5 5 5 5 5 5 5 5 5 
iteration: 11
-->pstar : 6.53014e-025
-->qstar : 1 1 1 1 2 2 3 3 3 3 3 3 4 4 4 4 4 5 5 5 5 5 5 5 5 5 5 5 5 5 5 5 5 5 5 
iteration: 12
-->pstar : 6.69891e-025
-->qstar : 1 1 1 1 2 2 3 3 3 3 3 3 4 4 4 4 4 5 5 5 5 5 5 5 5 5 5 5 5 5 5 5 5 5 5 
iteration: 13
-->pstar : 6.58692e-025
-->qstar : 1 1 1 1 2 2 3 3 3 3 3 3 4 4 4 4 4 5 5 5 5 5 5 5 5 5 5 5 5 5 5 5 5 5 5 
-------------------------------Final Model Lambda (Pi, A, B) after iterations 13--------------------------------
---------------A Matrix----------------
7.182188e-001   2.817812e-001   0.000000e+000   0.000000e+000   0.000000e+000   
0.000000e+000   5.926786e-001   4.073214e-001   0.000000e+000   0.000000e+000   
0.000000e+000   0.000000e+000   8.392820e-001   1.607180e-001   0.000000e+000   
0.000000e+000   0.000000e+000   0.000000e+000   7.771687e-001   2.228313e-001   
0.000000e+000   0.000000e+000   0.000000e+000   0.000000e+000   1.000000e+000   
---------------B Matrix----------------
1.000000e-030   1.000000e-030   1.000000e-030   1.000000e-030   1.000000e-030   1.000000e-030   1.000000e-030   1.649321e-113   1.000000e-030   1.540119e-001   1.000000e-030   5.635623e-001   1.000000e-030   2.817812e-001   1.000000e-030   1.000000e-030   6.446341e-004   1.000000e-030   1.000000e-030   1.000000e-030   1.000000e-030   1.000000e-030   1.129766e-027   1.000000e-030   1.000000e-030   1.000000e-030   1.000000e-030   1.000000e-030   1.000000e-030   1.000000e-030   1.000000e-030   1.000000e-030   
1.000000e-030   1.000000e-030   1.000000e-030   1.000000e-030   1.000000e-030   1.000000e-030   1.000000e-030   1.609977e-003   1.000000e-030   1.846935e-001   1.000000e-030   1.419434e-009   1.000000e-030   1.000000e-030   1.000000e-030   1.000000e-030   4.063896e-001   2.865349e-104   2.696465e-022   1.000000e-030   1.000000e-030   1.000000e-030   4.073069e-001   1.000000e-030   1.000000e-030   1.000000e-030   1.000000e-030   1.000000e-030   1.000000e-030   1.000000e-030   1.000000e-030   1.000000e-030   
1.000000e-030   1.000000e-030   1.000000e-030   2.501747e-217   1.000000e-030   1.000000e-030   1.000000e-030   6.422246e-001   1.000000e-030   3.091578e-240   1.000000e-030   1.000000e-030   1.000000e-030   1.000000e-030   1.000000e-030   1.000000e-030   1.953714e-040   1.534215e-001   2.043481e-001   1.000000e-030   1.000000e-030   1.000000e-030   5.736795e-006   1.000000e-030   1.000000e-030   1.000000e-030   1.000000e-030   1.000000e-030   1.000000e-030   1.000000e-030   1.000000e-030   1.000000e-030   
1.000000e-030   1.000000e-030   1.000000e-030   3.889866e-015   1.000000e-030   1.000000e-030   1.375482e-055   5.975730e-018   1.000000e-030   1.000000e-030   5.304813e-222   7.410273e-251   1.000000e-030   1.000000e-030   1.000000e-030   1.000000e-030   1.000000e-030   1.010793e-002   9.829107e-001   1.000000e-030   1.000000e-030   1.000000e-030   6.981375e-003   1.000000e-030   1.000000e-030   1.000000e-030   1.000000e-030   1.000000e-030   1.000000e-030   1.000000e-030   1.000000e-030   1.000000e-030   
1.000000e-030   1.000000e-030   1.000000e-030   1.156985e-001   1.000000e-030   1.000000e-030   1.156985e-001   5.785365e-002   1.000000e-030   1.000000e-030   5.784926e-002   5.784926e-002   1.000000e-030   1.000000e-030   1.000000e-030   1.000000e-030   1.000000e-030   1.735500e-001   1.919162e-001   1.000000e-030   1.000000e-030   1.000000e-030   2.295846e-001   1.000000e-030   1.000000e-030   1.000000e-030   1.000000e-030   1.000000e-030   1.000000e-030   1.000000e-030   1.000000e-030   1.000000e-030   
---------------Pi values----------------
1.000000e+000   0.000000e+000   0.000000e+000   0.000000e+000   0.000000e+000   
------------------------------------------------ opening file input/recordings/Digit 5/rec_20.txt ------------------------------------------------
->obs seq:   14   12   12   29    9   10   17   10   18    7   19   19   19   19   19   22   20   29   29    9    4    4    4   23   23   10   18   18   18   18    9    9   11   12    7 
iteration: 2
-->pstar : 3.34096e-056
-->qstar : 1 2 3 4 5 5 5 5 5 5 5 5 5 5 5 5 5 5 5 5 5 5 5 5 5 5 5 5 5 5 5 5 5 5 5 
iteration: 3
-->pstar : 2.60813e-036
-->qstar : 1 1 1 2 2 2 2 2 3 3 3 3 3 3 3 4 4 4 4 5 5 5 5 5 5 5 5 5 5 5 5 5 5 5 5 
iteration: 4
-->pstar : 5.29642e-035
-->qstar : 1 1 1 1 2 2 2 2 2 3 3 3 3 3 3 4 4 4 4 5 5 5 5 5 5 5 5 5 5 5 5 5 5 5 5 
iteration: 5
-->pstar : 1.11055e-053
-->qstar : 1 1 1 1 2 2 2 2 2 3 3 3 3 3 3 4 4 4 4 5 5 5 5 5 5 5 5 5 5 5 5 5 5 5 5 
-------------------------------Final Model Lambda (Pi, A, B) after iterations 5--------------------------------
---------------A Matrix----------------
7.616265e-001   2.383735e-001   0.000000e+000   0.000000e+000   0.000000e+000   
0.000000e+000   7.937912e-001   2.062088e-001   0.000000e+000   0.000000e+000   
0.000000e+000   0.000000e+000   8.351686e-001   1.648314e-001   0.000000e+000   
0.000000e+000   0.000000e+000   0.000000e+000   7.665899e-001   2.334101e-001   
0.000000e+000   0.000000e+000   0.000000e+000   0.000000e+000   1.000000e+000   
---------------B Matrix----------------
1.000000e-030   1.000000e-030   1.000000e-030   2.975615e-241   1.000000e-030   1.000000e-030   7.877403e-021   1.000000e-030   7.942642e-002   3.030951e-003   1.000000e-030   4.763998e-001   1.000000e-030   2.383735e-001   1.000000e-030   1.000000e-030   3.043209e-005   6.570026e-012   1.233724e-032   8.457114e-159   1.000000e-030   1.074244e-125   1.000000e-030   1.000000e-030   1.000000e-030   1.000000e-030   1.000000e-030   1.000000e-030   2.027389e-001   1.000000e-030   1.000000e-030   1.000000e-030   
1.000000e-030   1.000000e-030   1.000000e-030   9.286331e-054   1.000000e-030   1.000000e-030   5.576308e-002   1.000000e-030   1.374997e-001   4.084346e-001   7.859859e-164   3.004577e-004   1.000000e-030   1.000000e-030   1.000000e-030   1.000000e-030   2.061713e-001   1.600225e-001   9.819837e-004   3.336465e-030   1.000000e-030   3.306512e-019   3.086031e-132   1.000000e-030   1.000000e-030   1.000000e-030   1.000000e-030   1.000000e-030   3.082631e-002   1.000000e-030   1.000000e-030   1.000000e-030   
1.000000e-030   1.000000e-030   1.000000e-030   3.771348e-019   1.000000e-030   1.000000e-030   1.202576e-001   1.000000e-030   5.228424e-012   1.087992e-003   1.315817e-074   5.964947e-026   1.000000e-030   1.000000e-030   1.000000e-030   1.000000e-030   8.950823e-006   3.691864e-002   8.018325e-001   2.240656e-003   1.000000e-030   3.764409e-002   9.245479e-047   1.000000e-030   1.000000e-030   1.000000e-030   1.000000e-030   1.000000e-030   9.556276e-006   1.000000e-030   1.000000e-030   1.000000e-030   
1.000000e-030   1.000000e-030   1.000000e-030   2.681598e-002   1.000000e-030   1.000000e-030   6.882442e-010   1.000000e-030   7.109721e-002   7.933495e-012   8.239178e-039   8.239178e-039   1.000000e-030   1.000000e-030   1.000000e-030   1.000000e-030   2.306512e-031   3.320573e-016   3.050091e-002   2.302371e-001   1.000000e-030   1.801040e-001   8.994888e-006   1.000000e-030   1.000000e-030   1.000000e-030   1.000000e-030   1.000000e-030   4.612358e-001   1.000000e-030   1.000000e-030   1.000000e-030   
1.000000e-030   1.000000e-030   1.000000e-030   1.975517e-001   1.000000e-030   1.000000e-030   1.033825e-090   1.000000e-030   1.845614e-001   6.847280e-002   6.847280e-002   6.847280e-002   1.000000e-030   1.000000e-030   1.000000e-030   1.000000e-030   5.226079e-127   2.738912e-001   2.465888e-023   1.674713e-008   1.000000e-030   1.388052e-014   1.369430e-001   1.000000e-030   1.000000e-030   1.000000e-030   1.000000e-030   1.000000e-030   1.634254e-003   1.000000e-030   1.000000e-030   1.000000e-030   
---------------Pi values----------------
1.000000e+000   0.000000e+000   0.000000e+000   0.000000e+000   0.000000e+000   
------------------------------------------------ opening file input/recordings/Digit 5/rec_21.txt ------------------------------------------------
->obs seq:   24   30   30   32   30   31   20   14   32   31   19   22   22   22   22   23    7    7    7    7   12   12   17    9   17   10   10   18   18   13   18   18   18   18    7 
iteration: 2
-->pstar : 3.34096e-056
-->qstar : 1 2 3 4 5 5 5 5 5 5 5 5 5 5 5 5 5 5 5 5 5 5 5 5 5 5 5 5 5 5 5 5 5 5 5 
iteration: 3
-->pstar : 9.66417e-033
-->qstar : 1 1 1 1 1 2 2 2 2 2 3 3 3 3 3 4 4 4 4 4 5 5 5 5 5 5 5 5 5 5 5 5 5 5 5 
iteration: 4
-->pstar : 2.4412e-026
-->qstar : 1 1 1 1 1 2 2 2 2 2 3 3 3 3 3 4 4 4 4 4 4 4 5 5 5 5 5 5 5 5 5 5 5 5 5 
iteration: 5
-->pstar : 3.49054e-025
-->qstar : 1 1 1 1 1 2 2 2 2 2 3 3 3 3 3 4 4 4 4 4 4 4 5 5 5 5 5 5 5 5 5 5 5 5 5 
iteration: 6
-->pstar : 3.02622e-026
-->qstar : 1 1 1 1 1 2 2 2 2 2 3 3 3 3 3 4 4 4 4 4 4 4 5 5 5 5 5 5 5 5 5 5 5 5 5 
-------------------------------Final Model Lambda (Pi, A, B) after iterations 6--------------------------------
---------------A Matrix----------------
7.949874e-001   2.050126e-001   0.000000e+000   0.000000e+000   0.000000e+000   
0.000000e+000   8.145178e-001   1.854822e-001   0.000000e+000   0.000000e+000   
0.000000e+000   0.000000e+000   8.051542e-001   1.948458e-001   0.000000e+000   
0.000000e+000   0.000000e+000   0.000000e+000   8.445767e-001   1.554233e-001   
0.000000e+000   0.000000e+000   0.000000e+000   0.000000e+000   1.000000e+000   
---------------B Matrix----------------
1.000000e-030   1.000000e-030   1.000000e-030   1.000000e-030   1.000000e-030   1.000000e-030   1.000000e-030   1.000000e-030   1.000000e-030   1.000000e-030   1.000000e-030   1.000000e-030   1.000000e-030   2.108694e-008   1.000000e-030   1.000000e-030   1.000000e-030   1.000000e-030   9.126388e-026   8.085308e-005   1.000000e-030   1.455795e-049   1.282515e-241   2.050126e-001   1.000000e-030   1.000000e-030   1.000000e-030   1.000000e-030   1.000000e-030   5.910936e-001   1.139553e-002   1.924174e-001   
1.000000e-030   1.000000e-030   1.000000e-030   1.000000e-030   1.000000e-030   1.000000e-030   1.028344e-058   1.000000e-030   1.000000e-030   1.000000e-030   1.000000e-030   1.630387e-238   1.000000e-030   1.854822e-001   1.000000e-030   1.000000e-030   1.000000e-030   1.000000e-030   5.544622e-002   1.854091e-001   1.000000e-030   7.094726e-005   5.131716e-032   1.000000e-030   1.000000e-030   1.000000e-030   1.000000e-030   1.000000e-030   1.000000e-030   2.166317e-002   3.550645e-001   1.968639e-001   
1.000000e-030   1.000000e-030   1.000000e-030   1.000000e-030   1.000000e-030   1.000000e-030   2.202396e-004   1.000000e-030   2.195049e-111   1.947129e-227   1.000000e-030   9.866760e-025   1.000000e-030   1.976928e-010   1.000000e-030   1.000000e-030   8.838135e-070   1.000000e-030   1.366005e-001   7.311464e-019   1.000000e-030   7.778620e-001   7.943056e-002   1.000000e-030   1.000000e-030   1.000000e-030   1.000000e-030   1.000000e-030   1.000000e-030   1.718976e-037   5.872253e-003   1.445620e-005   
1.000000e-030   1.000000e-030   1.000000e-030   1.000000e-030   1.000000e-030   1.000000e-030   6.215172e-001   1.000000e-030   1.892625e-005   8.000230e-015   1.000000e-030   2.794738e-001   5.769870e-114   5.339770e-114   1.000000e-030   1.000000e-030   5.772516e-003   5.013092e-045   1.960633e-020   2.584289e-165   1.000000e-030   1.153937e-003   9.206368e-002   1.000000e-030   1.000000e-030   1.000000e-030   1.000000e-030   1.000000e-030   1.000000e-030   1.146392e-277   6.596809e-039   1.543680e-068   
1.000000e-030   1.000000e-030   1.000000e-030   1.000000e-030   1.000000e-030   1.000000e-030   2.825722e-007   1.000000e-030   8.219576e-002   1.644115e-001   1.000000e-030   1.659360e-002   8.220577e-002   1.000000e-030   1.000000e-030   1.000000e-030   1.613584e-001   4.932346e-001   1.351920e-258   1.000000e-030   1.000000e-030   5.097263e-066   3.778841e-038   1.000000e-030   1.000000e-030   1.000000e-030   1.000000e-030   1.000000e-030   1.000000e-030   1.000000e-030   1.000000e-030   1.000000e-030   
---------------Pi values----------------
1.000000e+000   0.000000e+000   0.000000e+000   0.000000e+000   0.000000e+000   
------------------------------------------------ opening file input/recordings/Digit 5/rec_22.txt ------------------------------------------------
->obs seq:   31   30   32   30   30   32   31   20   31   14   32   31   19   22   23   23    7    7    7    7    7    9    8   18   18   12   11   12   20   20   18   18   20   18    7 
iteration: 2
-->pstar : 3.34096e-056
-->qstar : 1 2 3 4 5 5 5 5 5 5 5 5 5 5 5 5 5 5 5 5 5 5 5 5 5 5 5 5 5 5 5 5 5 5 5 
iteration: 3
-->pstar : 1.90231e-032
-->qstar : 1 1 1 1 1 1 1 2 2 2 2 2 3 3 4 4 4 4 4 4 4 5 5 5 5 5 5 5 5 5 5 5 5 5 5 
iteration: 4
-->pstar : 1.81484e-026
-->qstar : 1 1 1 1 1 1 2 2 2 2 2 2 3 3 3 3 4 4 4 4 4 5 5 5 5 5 5 5 5 5 5 5 5 5 5 
iteration: 5
-->pstar : 3.65309e-025
-->qstar : 1 1 1 1 1 1 2 2 2 2 2 2 3 3 3 3 4 4 4 4 4 4 5 5 5 5 5 5 5 5 5 5 5 5 5 
iteration: 6
-->pstar : 1.05071e-025
-->qstar : 1 1 1 1 1 1 2 2 2 2 2 2 3 3 3 3 4 4 4 4 4 4 5 5 5 5 5 5 5 5 5 5 5 5 5 
-------------------------------Final Model Lambda (Pi, A, B) after iterations 6--------------------------------
---------------A Matrix----------------
8.320767e-001   1.679233e-001   0.000000e+000   0.000000e+000   0.000000e+000   
0.000000e+000   8.332327e-001   1.667673e-001   0.000000e+000   0.000000e+000   
0.000000e+000   0.000000e+000   7.271743e-001   2.728257e-001   0.000000e+000   
0.000000e+000   0.000000e+000   0.000000e+000   8.420759e-001   1.579241e-001   
0.000000e+000   0.000000e+000   0.000000e+000   0.000000e+000   1.000000e+000   
---------------B Matrix----------------
1.000000e-030   1.000000e-030   1.000000e-030   1.000000e-030   1.000000e-030   1.000000e-030   7.251341e-235   1.000000e-030   1.000000e-030   1.000000e-030   1.000000e-030   1.000000e-030   1.000000e-030   3.752629e-006   1.000000e-030   1.000000e-030   1.000000e-030   1.000000e-030   2.496488e-021   4.795456e-003   1.000000e-030   2.353437e-048   1.188915e-090   1.000000e-030   1.000000e-030   1.000000e-030   1.000000e-030   1.000000e-030   1.000000e-030   5.035826e-001   2.114595e-001   2.801587e-001   
1.000000e-030   1.000000e-030   1.000000e-030   1.000000e-030   1.000000e-030   1.000000e-030   1.552823e-043   1.000000e-030   1.290910e-255   1.000000e-030   1.000000e-030   1.000000e-030   1.000000e-030   1.667607e-001   1.000000e-030   1.000000e-030   1.000000e-030   1.000000e-030   1.046275e-002   1.620048e-001   1.000000e-030   6.904149e-006   5.712978e-013   1.000000e-030   1.000000e-030   1.000000e-030   1.000000e-030   1.000000e-030   1.000000e-030   1.860532e-004   4.391545e-001   2.214243e-001   
1.000000e-030   1.000000e-030   1.000000e-030   1.000000e-030   1.000000e-030   1.000000e-030   8.303508e-004   1.401811e-060   3.532950e-029   1.000000e-030   1.000000e-030   1.897982e-254   1.000000e-030   4.699296e-006   1.000000e-030   1.000000e-030   1.000000e-030   1.890611e-104   2.557090e-001   1.124060e-012   1.000000e-030   2.726885e-001   4.404068e-001   1.000000e-030   1.000000e-030   1.000000e-030   1.000000e-030   1.000000e-030   1.000000e-030   3.160575e-034   2.930137e-002   1.059197e-003   
1.000000e-030   1.000000e-030   1.000000e-030   1.000000e-030   1.000000e-030   1.000000e-030   7.891168e-001   2.462205e-002   1.252665e-001   1.000000e-030   7.602610e-045   6.485211e-024   1.000000e-030   4.571365e-060   1.000000e-030   1.000000e-030   1.000000e-030   1.285831e-006   6.333229e-011   2.186549e-098   1.000000e-030   7.287700e-005   6.092047e-002   1.000000e-030   1.000000e-030   1.000000e-030   1.000000e-030   1.000000e-030   1.000000e-030   1.539443e-237   2.257926e-021   3.784745e-038   
1.000000e-030   1.000000e-030   1.000000e-030   1.000000e-030   1.000000e-030   1.000000e-030   1.224235e-005   7.004297e-002   1.715979e-002   1.000000e-030   8.298052e-002   1.659610e-001   1.000000e-030   1.000000e-030   1.000000e-030   1.000000e-030   1.000000e-030   4.149019e-001   1.249242e-161   2.489415e-001   1.000000e-030   1.760769e-097   7.413353e-036   1.000000e-030   1.000000e-030   1.000000e-030   1.000000e-030   1.000000e-030   1.000000e-030   1.000000e-030   2.564550e-253   1.000000e-030   
---------------Pi values----------------
1.000000e+000   0.000000e+000   0.000000e+000   0.000000e+000   0.000000e+000   
------------------------------------------------ opening file input/recordings/Digit 5/rec_23.txt ------------------------------------------------
->obs seq:   30   30   32   30   31   20   14   32   31   22   22   22   23    7    7    7    7   12   12   10   10   12   18   18   18   19   10   10   18   20   20   23   18   18    7 
iteration: 2
-->pstar : 3.34096e-056
-->qstar : 1 2 3 4 5 5 5 5 5 5 5 5 5 5 5 5 5 5 5 5 5 5 5 5 5 5 5 5 5 5 5 5 5 5 5 
iteration: 3
-->pstar : 3.22946e-031
-->qstar : 1 1 1 1 2 2 2 2 2 3 3 3 4 4 4 4 4 4 4 5 5 5 5 5 5 5 5 5 5 5 5 5 5 5 5 
iteration: 4
-->pstar : 1.4021e-026
-->qstar : 1 1 1 1 2 2 2 2 2 3 3 3 3 4 4 4 4 4 4 5 5 5 5 5 5 5 5 5 5 5 5 5 5 5 5 
iteration: 5
-->pstar : 4.61721e-027
-->qstar : 1 1 1 1 2 2 2 2 2 3 3 3 3 4 4 4 4 4 4 5 5 5 5 5 5 5 5 5 5 5 5 5 5 5 5 
-------------------------------Final Model Lambda (Pi, A, B) after iterations 5--------------------------------
---------------A Matrix----------------
7.755508e-001   2.244492e-001   0.000000e+000   0.000000e+000   0.000000e+000   
0.000000e+000   7.988721e-001   2.011279e-001   0.000000e+000   0.000000e+000   
0.000000e+000   0.000000e+000   7.619201e-001   2.380799e-001   0.000000e+000   
0.000000e+000   0.000000e+000   0.000000e+000   8.336662e-001   1.663338e-001   
0.000000e+000   0.000000e+000   0.000000e+000   0.000000e+000   1.000000e+000   
---------------B Matrix----------------
1.000000e-030   1.000000e-030   1.000000e-030   1.000000e-030   1.000000e-030   1.000000e-030   6.617227e-055   1.000000e-030   1.000000e-030   5.714543e-317   1.000000e-030   1.543443e-180   1.000000e-030   5.237790e-003   1.000000e-030   1.000000e-030   1.000000e-030   1.000000e-030   1.000000e-030   2.390998e-002   1.000000e-030   1.602680e-008   4.385889e-035   1.000000e-030   1.000000e-030   1.000000e-030   1.000000e-030   1.000000e-030   1.000000e-030   6.685914e-001   7.722862e-002   2.250322e-001   
1.000000e-030   1.000000e-030   1.000000e-030   1.000000e-030   1.000000e-030   1.000000e-030   1.136641e-009   1.000000e-030   1.000000e-030   4.424910e-080   1.000000e-030   2.931015e-039   1.000000e-030   1.964343e-001   1.000000e-030   1.000000e-030   1.000000e-030   1.352721e-175   1.000000e-030   1.797023e-001   1.000000e-030   9.479000e-002   1.907086e-005   1.000000e-030   1.000000e-030   1.000000e-030   1.000000e-030   1.000000e-030   1.000000e-030   4.262096e-003   3.242823e-001   2.005100e-001   
1.000000e-030   1.000000e-030   1.000000e-030   1.000000e-030   1.000000e-030   1.000000e-030   1.631734e-001   1.000000e-030   1.000000e-030   8.701963e-014   1.000000e-030   1.399637e-005   1.000000e-030   6.060116e-008   1.000000e-030   1.000000e-030   1.000000e-030   2.102465e-038   2.021997e-089   5.442775e-013   1.000000e-030   6.019847e-001   2.243346e-001   1.000000e-030   1.000000e-030   1.000000e-030   1.000000e-030   1.000000e-030   1.000000e-030   1.521123e-024   1.038030e-002   1.130135e-004   
1.000000e-030   1.000000e-030   1.000000e-030   1.000000e-030   1.000000e-030   1.000000e-030   5.513327e-001   1.000000e-030   1.000000e-030   1.086207e-001   1.000000e-030   3.303644e-001   1.000000e-030   1.793172e-051   1.000000e-030   1.000000e-030   1.000000e-030   5.996645e-005   6.834627e-017   1.330060e-033   1.000000e-030   3.486134e-005   9.587393e-003   1.000000e-030   1.000000e-030   1.000000e-030   1.000000e-030   1.000000e-030   1.000000e-030   2.698197e-104   3.075712e-020   2.994286e-033   
1.000000e-030   1.000000e-030   1.000000e-030   1.000000e-030   1.000000e-030   1.000000e-030   8.488036e-007   1.000000e-030   1.000000e-030   2.330694e-001   1.000000e-030   7.059607e-002   1.000000e-030   1.263584e-213   1.000000e-030   1.000000e-030   1.000000e-030   4.177902e-001   6.963588e-002   1.392718e-001   1.000000e-030   1.305569e-034   6.963588e-002   1.000000e-030   1.000000e-030   1.000000e-030   1.000000e-030   1.000000e-030   1.000000e-030   1.000000e-030   3.486857e-110   1.699372e-162   
---------------Pi values----------------
1.000000e+000   0.000000e+000   0.000000e+000   0.000000e+000   0.000000e+000   
------------------------------------------------ opening file input/recordings/Digit 5/rec_24.txt ------------------------------------------------
->obs seq:   31   20   32   16   32   20   18    8    8    8   23    8   20   19   19   19   19   22   23   12    7    7    7    9    9   10   18   18   10   18   18   18   18   18    7 
iteration: 2
-->pstar : 3.34096e-056
-->qstar : 1 2 3 4 5 5 5 5 5 5 5 5 5 5 5 5 5 5 5 5 5 5 5 5 5 5 5 5 5 5 5 5 5 5 5 
iteration: 3
-->pstar : 3.3563e-031
-->qstar : 1 1 1 1 1 1 2 2 2 2 2 2 2 3 4 4 4 4 4 5 5 5 5 5 5 5 5 5 5 5 5 5 5 5 5 
iteration: 4
-->pstar : 4.83627e-026
-->qstar : 1 1 1 1 1 1 2 2 2 2 2 2 2 3 3 3 3 4 4 4 5 5 5 5 5 5 5 5 5 5 5 5 5 5 5 
iteration: 5
-->pstar : 4.73537e-024
-->qstar : 1 1 1 1 1 1 2 2 2 2 2 2 3 3 3 3 3 4 4 4 4 4 4 5 5 5 5 5 5 5 5 5 5 5 5 
iteration: 6
-->pstar : 1.17434e-022
-->qstar : 1 1 1 1 1 1 2 2 2 2 2 2 3 3 3 3 3 4 4 4 4 4 4 5 5 5 5 5 5 5 5 5 5 5 5 
iteration: 7
-->pstar : 5.21414e-022
-->qstar : 1 1 1 1 1 1 2 2 2 2 2 2 3 3 3 3 3 4 4 4 4 4 4 5 5 5 5 5 5 5 5 5 5 5 5 
iteration: 8
-->pstar : 3.13646e-022
-->qstar : 1 1 1 1 1 1 2 2 2 2 2 2 3 3 3 3 3 4 4 4 4 4 4 5 5 5 5 5 5 5 5 5 5 5 5 
-------------------------------Final Model Lambda (Pi, A, B) after iterations 8--------------------------------
---------------A Matrix----------------
8.283496e-001   1.716504e-001   0.000000e+000   0.000000e+000   0.000000e+000   
0.000000e+000   8.478809e-001   1.521191e-001   0.000000e+000   0.000000e+000   
0.000000e+000   0.000000e+000   7.874860e-001   2.125140e-001   0.000000e+000   
0.000000e+000   0.000000e+000   0.000000e+000   8.298762e-001   1.701238e-001   
0.000000e+000   0.000000e+000   0.000000e+000   0.000000e+000   1.000000e+000   
---------------B Matrix----------------
1.000000e-030   1.000000e-030   1.000000e-030   1.000000e-030   1.000000e-030   1.000000e-030   1.000000e-030   7.691708e-011   1.000000e-030   1.000000e-030   1.000000e-030   1.000000e-030   1.000000e-030   1.000000e-030   1.000000e-030   1.716504e-001   1.000000e-030   7.414545e-003   3.500695e-229   3.059887e-001   1.000000e-030   1.000000e-030   2.985103e-077   1.000000e-030   1.000000e-030   1.000000e-030   1.000000e-030   1.000000e-030   1.000000e-030   1.000000e-030   1.716504e-001   3.432959e-001   
1.000000e-030   1.000000e-030   1.000000e-030   1.000000e-030   1.000000e-030   1.000000e-030   1.000000e-030   6.071831e-001   1.000000e-030   1.000000e-030   1.000000e-030   6.817295e-249   1.000000e-030   1.000000e-030   1.000000e-030   4.602754e-015   1.000000e-030   1.455482e-001   1.014380e-007   9.517205e-002   1.000000e-030   1.880837e-080   1.520921e-001   1.000000e-030   1.000000e-030   1.000000e-030   1.000000e-030   1.000000e-030   1.000000e-030   1.000000e-030   1.000000e-030   4.400486e-006   
1.000000e-030   1.000000e-030   1.000000e-030   1.000000e-030   1.000000e-030   1.000000e-030   4.963916e-034   1.806798e-003   2.333537e-200   1.000000e-030   1.000000e-030   2.001147e-011   1.000000e-030   1.000000e-030   1.000000e-030   3.669868e-153   1.000000e-030   5.163054e-026   8.462879e-001   1.257512e-001   1.000000e-030   2.562410e-002   5.299714e-004   1.000000e-030   1.000000e-030   1.000000e-030   1.000000e-030   1.000000e-030   1.000000e-030   1.000000e-030   1.000000e-030   8.232454e-078   
1.000000e-030   1.000000e-030   1.000000e-030   1.000000e-030   1.000000e-030   1.000000e-030   5.065512e-001   1.402373e-045   9.678166e-004   8.387843e-022   1.000000e-030   1.701238e-001   1.000000e-030   1.000000e-030   1.000000e-030   1.000000e-030   1.000000e-030   9.880719e-066   3.016366e-003   8.005026e-022   1.000000e-030   1.496110e-001   1.697298e-001   1.000000e-030   1.000000e-030   1.000000e-030   1.000000e-030   1.000000e-030   1.000000e-030   1.000000e-030   1.000000e-030   1.000000e-030   
1.000000e-030   1.000000e-030   1.000000e-030   1.000000e-030   1.000000e-030   1.000000e-030   2.038374e-003   1.000000e-030   1.810251e-001   1.815415e-001   1.000000e-030   1.356408e-014   1.000000e-030   1.000000e-030   1.000000e-030   1.000000e-030   1.000000e-030   6.353951e-001   3.073697e-143   1.000000e-030   1.000000e-030   1.253996e-070   5.962257e-032   1.000000e-030   1.000000e-030   1.000000e-030   1.000000e-030   1.000000e-030   1.000000e-030   1.000000e-030   1.000000e-030   1.000000e-030   
---------------Pi values----------------
1.000000e+000   0.000000e+000   0.000000e+000   0.000000e+000   0.000000e+000   
------------------------------------------------ opening file input/recordings/Digit 5/rec_25.txt ------------------------------------------------
->obs seq:   23   31   32   30   31   20   32   14   31   23    8   19   19   19   22   22   23    7    7    7    7   10   18   17   18   18   18   18   18   16   20   16   16   20    7 
iteration: 2
-->pstar : 3.34096e-056
-->qstar : 1 2 3 4 5 5 5 5 5 5 5 5 5 5 5 5 5 5 5 5 5 5 5 5 5 5 5 5 5 5 5 5 5 5 5 
iteration: 3
-->pstar : 4.61405e-033
-->qstar : 1 1 1 1 1 1 1 1 1 1 2 3 3 3 4 4 4 4 4 4 4 5 5 5 5 5 5 5 5 5 5 5 5 5 5 
iteration: 4
-->pstar : 1.60398e-027
-->qstar : 1 1 1 1 1 1 1 2 2 3 3 3 3 3 3 3 3 4 4 4 4 5 5 5 5 5 5 5 5 5 5 5 5 5 5 
iteration: 5
-->pstar : 1.91675e-026
-->qstar : 1 1 1 1 1 1 1 2 2 2 3 3 3 3 3 3 4 4 4 4 4 4 5 5 5 5 5 5 5 5 5 5 5 5 5 
iteration: 6
-->pstar : 7.10326e-027
-->qstar : 1 1 1 1 1 1 1 2 2 2 3 3 3 3 3 3 4 4 4 4 4 4 5 5 5 5 5 5 5 5 5 5 5 5 5 
-------------------------------Final Model Lambda (Pi, A, B) after iterations 6--------------------------------
---------------A Matrix----------------
8.450353e-001   1.549647e-001   0.000000e+000   0.000000e+000   0.000000e+000   
0.000000e+000   7.244581e-001   2.755419e-001   0.000000e+000   0.000000e+000   
0.000000e+000   0.000000e+000   8.354985e-001   1.645015e-001   0.000000e+000   
0.000000e+000   0.000000e+000   0.000000e+000   8.185661e-001   1.814339e-001   
0.000000e+000   0.000000e+000   0.000000e+000   0.000000e+000   1.000000e+000   
---------------B Matrix----------------
1.000000e-030   1.000000e-030   1.000000e-030   1.000000e-030   1.000000e-030   1.000000e-030   3.857256e-262   3.537918e-010   1.000000e-030   1.000000e-030   1.000000e-030   1.000000e-030   1.000000e-030   2.200309e-002   1.000000e-030   1.000000e-030   1.000000e-030   1.000000e-030   4.880927e-022   1.185199e-001   1.000000e-030   3.021186e-096   1.588473e-001   1.000000e-030   1.000000e-030   1.000000e-030   1.000000e-030   1.000000e-030   1.000000e-030   1.538104e-001   3.057038e-001   2.411156e-001   
1.000000e-030   1.000000e-030   1.000000e-030   1.000000e-030   1.000000e-030   1.000000e-030   8.593754e-053   9.170459e-002   1.000000e-030   8.890492e-255   1.000000e-030   1.000000e-030   1.000000e-030   2.364183e-001   1.000000e-030   1.000000e-030   1.000000e-030   1.000000e-030   9.020490e-004   6.480233e-002   1.000000e-030   3.391470e-016   1.991722e-001   1.000000e-030   1.000000e-030   1.000000e-030   1.000000e-030   1.000000e-030   1.000000e-030   2.052515e-003   2.825905e-001   1.223575e-001   
1.000000e-030   1.000000e-030   1.000000e-030   1.000000e-030   1.000000e-030   1.000000e-030   5.509496e-005   1.097528e-001   1.000000e-030   8.413014e-035   1.000000e-030   1.000000e-030   1.000000e-030   3.197015e-009   1.000000e-030   1.000000e-030   1.791081e-107   6.750056e-066   4.929567e-001   2.206628e-032   1.000000e-030   2.926091e-001   1.043487e-001   1.000000e-030   1.000000e-030   1.000000e-030   1.000000e-030   1.000000e-030   1.000000e-030   1.454792e-060   2.776298e-004   6.049526e-018   
1.000000e-030   1.000000e-030   1.000000e-030   1.000000e-030   1.000000e-030   1.000000e-030   7.255570e-001   9.207919e-022   1.000000e-030   1.220451e-001   1.000000e-030   1.000000e-030   1.000000e-030   7.434152e-086   1.000000e-030   6.902084e-051   8.783479e-009   1.624625e-004   1.015747e-005   3.734619e-095   1.000000e-030   4.013991e-002   1.120853e-001   1.000000e-030   1.000000e-030   1.000000e-030   1.000000e-030   1.000000e-030   1.000000e-030   1.056461e-312   1.940510e-047   8.059696e-145   
1.000000e-030   1.000000e-030   1.000000e-030   1.000000e-030   1.000000e-030   1.000000e-030   5.276485e-005   6.276716e-286   1.000000e-030   2.655374e-002   1.000000e-030   1.000000e-030   1.000000e-030   1.000000e-030   1.000000e-030   2.433665e-001   8.112217e-002   4.866604e-001   6.161743e-108   1.622444e-001   1.000000e-030   8.166106e-045   1.776580e-025   1.000000e-030   1.000000e-030   1.000000e-030   1.000000e-030   1.000000e-030   1.000000e-030   1.000000e-030   1.000000e-030   1.000000e-030   
---------------Pi values----------------
1.000000e+000   0.000000e+000   0.000000e+000   0.000000e+000   0.000000e+000   
------------------------------------------------ opening file input/recordings/Digit 5/rec_26.txt ------------------------------------------------
->obs seq:   31   30   30   31   20   14   32   30    8    8    8    8   17   19   22   22   23   23    7    7   23   10   23   23   17   10    9   17   10   18   20   20   20   20    7 
iteration: 2
-->pstar : 3.34096e-056
-->qstar : 1 2 3 4 5 5 5 5 5 5 5 5 5 5 5 5 5 5 5 5 5 5 5 5 5 5 5 5 5 5 5 5 5 5 5 
iteration: 3
-->pstar : 1.78736e-033
-->qstar : 1 1 1 1 2 2 2 2 3 3 3 3 4 4 4 4 5 5 5 5 5 5 5 5 5 5 5 5 5 5 5 5 5 5 5 
iteration: 4
-->pstar : 1.61306e-028
-->qstar : 1 1 1 1 1 2 2 2 3 3 3 3 3 3 4 4 4 4 4 4 4 5 5 5 5 5 5 5 5 5 5 5 5 5 5 
iteration: 5
-->pstar : 1.33558e-027
-->qstar : 1 1 1 1 1 2 2 2 3 3 3 3 3 3 4 4 4 4 4 4 4 4 4 4 5 5 5 5 5 5 5 5 5 5 5 
iteration: 6
-->pstar : 3.62251e-028
-->qstar : 1 1 1 1 1 2 2 2 3 3 3 3 3 3 4 4 4 4 4 4 4 4 4 4 5 5 5 5 5 5 5 5 5 5 5 
-------------------------------Final Model Lambda (Pi, A, B) after iterations 6--------------------------------
---------------A Matrix----------------
8.173366e-001   1.826634e-001   0.000000e+000   0.000000e+000   0.000000e+000   
0.000000e+000   7.584107e-001   2.415893e-001   0.000000e+000   0.000000e+000   
0.000000e+000   0.000000e+000   7.989156e-001   2.010844e-001   0.000000e+000   
0.000000e+000   0.000000e+000   0.000000e+000   8.871921e-001   1.128079e-001   
0.000000e+000   0.000000e+000   0.000000e+000   0.000000e+000   1.000000e+000   
---------------B Matrix----------------
1.000000e-030   1.000000e-030   1.000000e-030   1.000000e-030   1.000000e-030   1.000000e-030   1.000000e-030   3.866002e-007   1.000000e-030   1.000000e-030   1.000000e-030   1.000000e-030   1.000000e-030   7.505179e-002   1.000000e-030   1.000000e-030   3.418323e-056   1.000000e-030   6.344217e-112   1.634953e-001   1.000000e-030   3.197744e-192   1.000000e-030   1.000000e-030   1.000000e-030   1.000000e-030   1.000000e-030   1.000000e-030   1.000000e-030   3.765171e-001   3.652522e-001   1.968326e-002   
1.000000e-030   1.000000e-030   1.000000e-030   1.000000e-030   1.000000e-030   1.000000e-030   5.069079e-164   3.902189e-001   1.000000e-030   1.000000e-030   1.000000e-030   1.000000e-030   1.000000e-030   1.423263e-001   1.000000e-030   1.000000e-030   7.019934e-005   1.000000e-030   3.586402e-011   2.535159e-002   1.000000e-030   8.759880e-023   4.992359e-067   1.000000e-030   1.000000e-030   1.000000e-030   1.000000e-030   1.000000e-030   1.000000e-030   2.263781e-001   9.848032e-005   2.155564e-001   
1.000000e-030   1.000000e-030   1.000000e-030   1.000000e-030   1.000000e-030   1.000000e-030   6.158185e-017   4.795425e-001   3.543528e-129   6.387613e-050   1.000000e-030   1.000000e-030   1.000000e-030   6.199856e-021   1.000000e-030   1.000000e-030   2.006402e-001   1.022169e-276   1.908714e-001   1.098703e-042   1.000000e-030   1.285774e-001   2.642244e-005   1.000000e-030   1.000000e-030   1.000000e-030   1.000000e-030   1.000000e-030   1.000000e-030   3.420349e-004   5.952950e-071   1.237183e-009   
1.000000e-030   1.000000e-030   1.000000e-030   1.000000e-030   1.000000e-030   1.000000e-030   2.256080e-001   8.830379e-010   1.497101e-008   1.003881e-001   1.000000e-030   1.000000e-030   1.000000e-030   1.407063e-195   1.000000e-030   1.000000e-030   4.541561e-003   4.998031e-024   5.729478e-003   6.319155e-050   1.000000e-030   1.534842e-001   5.102486e-001   1.000000e-030   1.000000e-030   1.000000e-030   1.000000e-030   1.000000e-030   1.000000e-030   3.487089e-059   2.508058e-312   2.890399e-111   
1.000000e-030   1.000000e-030   1.000000e-030   1.000000e-030   1.000000e-030   1.000000e-030   6.628883e-006   1.992613e-093   9.479990e-002   2.000370e-001   1.000000e-030   1.000000e-030   1.000000e-030   1.000000e-030   1.000000e-030   1.000000e-030   1.859651e-001   9.479991e-002   9.867416e-051   3.791997e-001   1.000000e-030   1.230003e-018   4.519175e-002   1.000000e-030   1.000000e-030   1.000000e-030   1.000000e-030   1.000000e-030   1.000000e-030   1.000000e-030   1.000000e-030   1.000000e-030   
---------------Pi values----------------
1.000000e+000   0.000000e+000   0.000000e+000   0.000000e+000   0.000000e+000   
------------------------------------------------ opening file input/recordings/Digit 5/rec_27.txt ------------------------------------------------
->obs seq:   30   32   30   20   31   14   32   31   17   17   18   19   19   19   22   22   23    7    7    7    7   12   10   12   23   18   18   18   11   18   12   12   20   18    7 
iteration: 2
-->pstar : 3.34096e-056
-->qstar : 1 2 3 4 5 5 5 5 5 5 5 5 5 5 5 5 5 5 5 5 5 5 5 5 5 5 5 5 5 5 5 5 5 5 5 
iteration: 3
-->pstar : 2.59558e-033
-->qstar : 1 1 1 1 1 1 1 2 2 2 3 3 3 3 4 4 4 4 4 4 4 5 5 5 5 5 5 5 5 5 5 5 5 5 5 
iteration: 4
-->pstar : 1.53359e-027
-->qstar : 1 1 1 1 2 2 2 2 2 2 3 3 3 3 4 4 4 4 4 4 4 5 5 5 5 5 5 5 5 5 5 5 5 5 5 
iteration: 5
-->pstar : 6.37052e-026
-->qstar : 1 1 1 1 2 2 2 2 2 2 3 3 3 3 4 4 4 4 4 4 4 5 5 5 5 5 5 5 5 5 5 5 5 5 5 
iteration: 6
-->pstar : 5.10313e-026
-->qstar : 1 1 1 1 2 2 2 2 2 2 3 3 3 3 4 4 4 4 4 4 4 5 5 5 5 5 5 5 5 5 5 5 5 5 5 
-------------------------------Final Model Lambda (Pi, A, B) after iterations 6--------------------------------
---------------A Matrix----------------
8.017171e-001   1.982829e-001   0.000000e+000   0.000000e+000   0.000000e+000   
0.000000e+000   7.924997e-001   2.075003e-001   0.000000e+000   0.000000e+000   
0.000000e+000   0.000000e+000   7.864282e-001   2.135718e-001   0.000000e+000   
0.000000e+000   0.000000e+000   0.000000e+000   8.451404e-001   1.548596e-001   
0.000000e+000   0.000000e+000   0.000000e+000   0.000000e+000   1.000000e+000   
---------------B Matrix----------------
1.000000e-030   1.000000e-030   1.000000e-030   1.000000e-030   1.000000e-030   1.000000e-030   1.000000e-030   1.000000e-030   1.000000e-030   1.000000e-030   1.000000e-030   1.000000e-030   1.000000e-030   6.081116e-002   1.000000e-030   1.000000e-030   4.865864e-007   4.592107e-031   7.229189e-060   1.927063e-001   1.000000e-030   1.268467e-214   1.000000e-030   1.000000e-030   1.000000e-030   1.000000e-030   1.000000e-030   1.000000e-030   1.000000e-030   3.965648e-001   1.104326e-001   2.394846e-001   
1.000000e-030   1.000000e-030   1.000000e-030   1.000000e-030   1.000000e-030   1.000000e-030   9.871127e-127   1.000000e-030   1.000000e-030   1.000000e-030   1.000000e-030   1.000000e-030   1.000000e-030   1.438623e-001   1.000000e-030   1.000000e-030   3.640021e-001   2.247312e-002   1.120355e-005   5.835859e-003   1.000000e-030   5.211820e-026   2.143667e-077   1.000000e-030   1.000000e-030   1.000000e-030   1.000000e-030   1.000000e-030   1.000000e-030   1.112005e-006   2.994310e-001   1.643833e-001   
1.000000e-030   1.000000e-030   1.000000e-030   1.000000e-030   1.000000e-030   1.000000e-030   5.176872e-010   1.000000e-030   1.000000e-030   6.906431e-091   1.644421e-194   3.045697e-055   1.000000e-030   2.114082e-023   1.000000e-030   1.000000e-030   5.249025e-002   1.904411e-001   6.384465e-001   1.172289e-056   1.000000e-030   1.183801e-001   2.384601e-004   1.000000e-030   1.000000e-030   1.000000e-030   1.000000e-030   1.000000e-030   1.000000e-030   1.077521e-092   3.542926e-006   2.343578e-012   
1.000000e-030   1.000000e-030   1.000000e-030   1.000000e-030   1.000000e-030   1.000000e-030   6.171845e-001   1.000000e-030   1.000000e-030   7.678439e-006   4.623453e-050   2.601639e-003   1.000000e-030   1.981208e-185   1.000000e-030   1.000000e-030   4.766138e-026   7.036105e-014   1.636757e-003   1.126429e-104   1.000000e-030   2.238825e-001   1.546869e-001   1.000000e-030   1.000000e-030   1.000000e-030   1.000000e-030   1.000000e-030   1.000000e-030   1.000000e-030   7.518401e-074   5.302911e-126   
1.000000e-030   1.000000e-030   1.000000e-030   1.000000e-030   1.000000e-030   1.000000e-030   1.119757e-003   1.000000e-030   1.000000e-030   7.693285e-002   7.693667e-002   3.064541e-001   1.000000e-030   1.000000e-030   1.000000e-030   1.000000e-030   6.488479e-189   3.846833e-001   2.087368e-054   7.693667e-002   1.000000e-030   6.093960e-019   7.693656e-002   1.000000e-030   1.000000e-030   1.000000e-030   1.000000e-030   1.000000e-030   1.000000e-030   1.000000e-030   1.000000e-030   1.000000e-030   
---------------Pi values----------------
1.000000e+000   0.000000e+000   0.000000e+000   0.000000e+000   0.000000e+000   
------------------------------------------------ opening file input/recordings/Digit 5/rec_28.txt ------------------------------------------------
->obs seq:   31   30   32   30   30   32   31   20   31   14   32   31   22   23    7    7    7    7   12   10   10   10    9   10   11   18   12   18   20   18   20   18   20   20    7 
iteration: 2
-->pstar : 3.34096e-056
-->qstar : 1 2 3 4 5 5 5 5 5 5 5 5 5 5 5 5 5 5 5 5 5 5 5 5 5 5 5 5 5 5 5 5 5 5 5 
iteration: 3
-->pstar : 4.93261e-032
-->qstar : 1 1 1 1 1 1 1 2 2 2 2 2 3 3 4 4 4 4 5 5 5 5 5 5 5 5 5 5 5 5 5 5 5 5 5 
iteration: 4
-->pstar : 1.22119e-027
-->qstar : 1 1 1 1 1 1 2 2 2 2 2 2 3 3 4 4 4 4 5 5 5 5 5 5 5 5 5 5 5 5 5 5 5 5 5 
iteration: 5
-->pstar : 1.3443e-027
-->qstar : 1 1 1 1 1 1 2 2 2 2 2 2 3 3 4 4 4 4 4 5 5 5 5 5 5 5 5 5 5 5 5 5 5 5 5 
iteration: 6
-->pstar : 1.04407e-028
-->qstar : 1 1 1 1 1 1 2 2 2 2 2 2 3 3 4 4 4 4 4 4 4 4 5 5 5 5 5 5 5 5 5 5 5 5 5 
-------------------------------Final Model Lambda (Pi, A, B) after iterations 6--------------------------------
---------------A Matrix----------------
8.319701e-001   1.680299e-001   0.000000e+000   0.000000e+000   0.000000e+000   
0.000000e+000   8.315158e-001   1.684842e-001   0.000000e+000   0.000000e+000   
0.000000e+000   0.000000e+000   5.813476e-001   4.186524e-001   0.000000e+000   
0.000000e+000   0.000000e+000   0.000000e+000   8.392501e-001   1.607499e-001   
0.000000e+000   0.000000e+000   0.000000e+000   0.000000e+000   1.000000e+000   
---------------B Matrix----------------
1.000000e-030   1.000000e-030   1.000000e-030   1.000000e-030   1.000000e-030   1.000000e-030   1.333515e-094   1.000000e-030   1.000000e-030   1.000000e-030   1.000000e-030   1.000000e-030   1.000000e-030   2.885304e-006   1.000000e-030   1.000000e-030   1.000000e-030   1.000000e-030   1.000000e-030   4.543795e-003   1.000000e-030   8.599679e-024   2.225000e-053   1.000000e-030   1.000000e-030   1.000000e-030   1.000000e-030   1.000000e-030   1.000000e-030   5.038906e-001   2.113303e-001   2.802324e-001   
1.000000e-030   1.000000e-030   1.000000e-030   1.000000e-030   1.000000e-030   1.000000e-030   6.277253e-016   1.000000e-030   1.000000e-030   1.152729e-148   1.000000e-030   2.841236e-089   1.000000e-030   1.684702e-001   1.000000e-030   1.000000e-030   1.000000e-030   1.000000e-030   1.000000e-030   1.639281e-001   1.000000e-030   6.336264e-003   2.041194e-007   1.000000e-030   1.000000e-030   1.000000e-030   1.000000e-030   1.000000e-030   1.000000e-030   1.996395e-004   4.379131e-001   2.231524e-001   
1.000000e-030   1.000000e-030   1.000000e-030   1.000000e-030   1.000000e-030   1.000000e-030   1.278769e-001   1.000000e-030   1.294819e-061   5.316861e-017   2.059542e-129   4.442365e-008   1.000000e-030   2.764040e-005   1.000000e-030   1.000000e-030   1.000000e-030   6.714553e-191   1.000000e-030   2.342349e-011   1.000000e-030   4.029078e-001   4.059932e-001   1.000000e-030   1.000000e-030   1.000000e-030   1.000000e-030   1.000000e-030   1.000000e-030   8.065703e-032   5.993893e-002   3.255524e-003   
1.000000e-030   1.000000e-030   1.000000e-030   1.000000e-030   1.000000e-030   1.000000e-030   5.938979e-001   1.000000e-030   1.336431e-002   2.474296e-001   5.281668e-006   1.404423e-001   1.000000e-030   1.647246e-050   1.000000e-030   1.000000e-030   1.000000e-030   2.482115e-013   1.000000e-030   2.390008e-043   1.000000e-030   8.026033e-008   4.860561e-003   1.000000e-030   1.000000e-030   1.000000e-030   1.000000e-030   1.000000e-030   1.000000e-030   6.401588e-195   1.490590e-016   4.477301e-031   
1.000000e-030   1.000000e-030   1.000000e-030   1.000000e-030   1.000000e-030   1.000000e-030   3.307027e-007   1.000000e-030   6.789592e-002   1.822267e-001   7.405001e-002   8.340750e-002   1.000000e-030   1.000000e-030   1.000000e-030   1.000000e-030   1.000000e-030   2.962098e-001   1.000000e-030   2.962098e-001   1.000000e-030   1.199696e-099   2.138790e-051   1.000000e-030   1.000000e-030   1.000000e-030   1.000000e-030   1.000000e-030   1.000000e-030   1.000000e-030   6.997992e-173   8.201720e-275   
---------------Pi values----------------
1.000000e+000   0.000000e+000   0.000000e+000   0.000000e+000   0.000000e+000   
------------------------------------------------ opening file input/recordings/Digit 5/rec_29.txt ------------------------------------------------
->obs seq:   31   30   30   31   20   14   32   30   23    8   19   19   19   19   19   22   23   23    7    4    7    7   12   19    8    8   20   22   10   18   12   20   20   20    7 
iteration: 2
-->pstar : 3.34096e-056
-->qstar : 1 2 3 4 5 5 5 5 5 5 5 5 5 5 5 5 5 5 5 5 5 5 5 5 5 5 5 5 5 5 5 5 5 5 5 
iteration: 3
-->pstar : 4.33192e-034
-->qstar : 1 1 1 1 2 2 2 2 3 3 3 3 3 3 3 4 4 4 5 5 5 5 5 5 5 5 5 5 5 5 5 5 5 5 5 
iteration: 4
-->pstar : 2.00153e-029
-->qstar : 1 1 1 1 1 2 2 2 3 3 3 3 3 3 3 4 4 4 4 4 4 4 4 4 5 5 5 5 5 5 5 5 5 5 5 
iteration: 5
-->pstar : 5.95764e-028
-->qstar : 1 1 1 1 1 2 2 2 2 3 3 3 3 3 3 4 4 4 4 4 4 4 5 5 5 5 5 5 5 5 5 5 5 5 5 
iteration: 6
-->pstar : 3.9747e-028
-->qstar : 1 1 1 1 1 2 2 2 2 3 3 3 3 3 3 3 4 4 4 4 4 4 5 5 5 5 5 5 5 5 5 5 5 5 5 
-------------------------------Final Model Lambda (Pi, A, B) after iterations 6--------------------------------
---------------A Matrix----------------
7.995276e-001   2.004724e-001   0.000000e+000   0.000000e+000   0.000000e+000   
0.000000e+000   7.527943e-001   2.472057e-001   0.000000e+000   0.000000e+000   
0.000000e+000   0.000000e+000   8.545795e-001   1.454205e-001   0.000000e+000   
0.000000e+000   0.000000e+000   0.000000e+000   8.529233e-001   1.470767e-001   
0.000000e+000   0.000000e+000   0.000000e+000   0.000000e+000   1.000000e+000   
---------------B Matrix----------------
1.000000e-030   1.000000e-030   1.000000e-030   1.000000e-030   1.000000e-030   1.000000e-030   1.000000e-030   6.698742e-021   1.000000e-030   1.000000e-030   1.000000e-030   1.000000e-030   1.000000e-030   3.897731e-002   1.000000e-030   1.000000e-030   1.000000e-030   1.000000e-030   4.547315e-041   1.532429e-001   1.000000e-030   6.928406e-202   4.650473e-008   1.000000e-030   1.000000e-030   1.000000e-030   1.000000e-030   1.000000e-030   1.000000e-030   4.030412e-001   4.004378e-001   4.300745e-003   
1.000000e-030   1.000000e-030   1.000000e-030   6.186345e-108   1.000000e-030   1.000000e-030   3.287321e-066   7.232866e-002   1.000000e-030   1.000000e-030   1.000000e-030   3.089951e-258   1.000000e-030   1.991422e-001   1.000000e-030   1.000000e-030   1.000000e-030   1.000000e-030   1.825492e-004   5.823950e-002   1.000000e-030   1.934830e-029   1.833882e-001   1.000000e-030   1.000000e-030   1.000000e-030   1.000000e-030   1.000000e-030   1.000000e-030   2.441911e-001   6.253104e-004   2.419024e-001   
1.000000e-030   1.000000e-030   1.000000e-030   3.098279e-013   1.000000e-030   1.000000e-030   1.002623e-006   1.028727e-001   1.000000e-030   7.750565e-131   1.000000e-030   1.982824e-039   1.000000e-030   7.045985e-020   1.000000e-030   1.000000e-030   1.000000e-030   2.440462e-177   7.223057e-001   4.607806e-040   1.000000e-030   9.542489e-002   7.914303e-002   1.000000e-030   1.000000e-030   1.000000e-030   1.000000e-030   1.000000e-030   1.000000e-030   2.527012e-004   7.601054e-067   2.100707e-009   
1.000000e-030   1.000000e-030   1.000000e-030   1.470767e-001   1.000000e-030   1.000000e-030   4.402372e-001   7.493539e-004   1.000000e-030   1.130343e-024   1.000000e-030   7.062838e-002   1.000000e-030   1.352795e-126   1.000000e-030   1.000000e-030   1.000000e-030   7.268839e-045   3.866565e-002   4.768091e-012   1.000000e-030   5.056502e-002   2.520776e-001   1.000000e-030   1.000000e-030   1.000000e-030   1.000000e-030   1.000000e-030   1.000000e-030   1.271070e-029   1.451375e-189   9.789123e-065   
1.000000e-030   1.000000e-030   1.000000e-030   6.787069e-010   1.000000e-030   1.000000e-030   5.973206e-004   1.766843e-001   1.000000e-030   8.856778e-002   1.000000e-030   1.346040e-001   1.000000e-030   1.000000e-030   1.000000e-030   1.000000e-030   1.000000e-030   8.856778e-002   6.813986e-002   3.542711e-001   1.000000e-030   8.856778e-002   9.562863e-021   1.000000e-030   1.000000e-030   1.000000e-030   1.000000e-030   1.000000e-030   1.000000e-030   8.050580e-146   1.000000e-030   2.958728e-287   
---------------Pi values----------------
1.000000e+000   0.000000e+000   0.000000e+000   0.000000e+000   0.000000e+000   
------------------------------------------------ opening file input/recordings/Digit 5/rec_30.txt ------------------------------------------------
->obs seq:   32   30   31   20   14   32   31    8   22   17   17   19   19   19   23   23   23    7    7   12   10   10   17   10   10   12   18   10    9    9   10   18   18   18    7 
iteration: 2
-->pstar : 3.34096e-056
-->qstar : 1 2 3 4 5 5 5 5 5 5 5 5 5 5 5 5 5 5 5 5 5 5 5 5 5 5 5 5 5 5 5 5 5 5 5 
iteration: 3
-->pstar : 4.52934e-033
-->qstar : 1 1 1 1 1 1 1 2 2 3 3 3 3 3 4 4 4 4 4 5 5 5 5 5 5 5 5 5 5 5 5 5 5 5 5 
iteration: 4
-->pstar : 3.5896e-027
-->qstar : 1 1 1 1 1 1 1 2 2 3 3 3 3 3 4 4 4 4 4 5 5 5 5 5 5 5 5 5 5 5 5 5 5 5 5 
iteration: 5
-->pstar : 5.66221e-026
-->qstar : 1 1 1 1 1 1 1 2 2 3 3 3 3 3 4 4 4 4 4 5 5 5 5 5 5 5 5 5 5 5 5 5 5 5 5 
iteration: 6
-->pstar : 2.72572e-026
-->qstar : 1 1 1 1 1 1 1 2 2 3 3 3 3 3 4 4 4 4 4 5 5 5 5 5 5 5 5 5 5 5 5 5 5 5 5 
-------------------------------Final Model Lambda (Pi, A, B) after iterations 6--------------------------------
---------------A Matrix----------------
8.521710e-001   1.478290e-001   0.000000e+000   0.000000e+000   0.000000e+000   
0.000000e+000   6.884280e-001   3.115720e-001   0.000000e+000   0.000000e+000   
0.000000e+000   0.000000e+000   7.608842e-001   2.391158e-001   0.000000e+000   
0.000000e+000   0.000000e+000   0.000000e+000   8.074168e-001   1.925832e-001   
0.000000e+000   0.000000e+000   0.000000e+000   0.000000e+000   1.000000e+000   
---------------B Matrix----------------
1.000000e-030   1.000000e-030   1.000000e-030   1.000000e-030   1.000000e-030   1.000000e-030   1.000000e-030   2.137036e-003   1.000000e-030   1.000000e-030   1.000000e-030   1.000000e-030   1.000000e-030   1.478260e-001   1.000000e-030   1.000000e-030   2.495225e-018   1.000000e-030   4.322429e-059   1.478290e-001   1.000000e-030   3.216720e-008   2.433498e-209   1.000000e-030   1.000000e-030   1.000000e-030   1.000000e-030   1.000000e-030   1.000000e-030   1.478290e-001   2.596392e-001   2.947397e-001   
1.000000e-030   1.000000e-030   1.000000e-030   1.000000e-030   1.000000e-030   1.000000e-030   4.440849e-088   3.070678e-001   1.000000e-030   1.000000e-030   1.000000e-030   8.935718e-229   1.000000e-030   6.335473e-006   1.000000e-030   1.000000e-030   3.063941e-001   1.000000e-030   3.121811e-004   6.385332e-010   1.000000e-030   3.083691e-001   8.768096e-022   1.000000e-030   1.000000e-030   1.000000e-030   1.000000e-030   1.000000e-030   1.000000e-030   4.174697e-019   7.591513e-002   1.935376e-003   
1.000000e-030   1.000000e-030   1.000000e-030   1.000000e-030   1.000000e-030   1.000000e-030   2.913221e-008   3.705921e-008   1.000000e-030   9.991851e-050   1.000000e-030   5.214238e-028   1.000000e-030   2.820502e-061   1.000000e-030   1.000000e-030   2.430895e-001   3.117555e-200   7.121657e-001   2.300407e-093   1.000000e-030   2.458004e-003   4.228673e-002   1.000000e-030   1.000000e-030   1.000000e-030   1.000000e-030   1.000000e-030   1.000000e-030   1.000000e-030   2.255814e-018   5.045212e-035   
1.000000e-030   1.000000e-030   1.000000e-030   1.000000e-030   1.000000e-030   1.000000e-030   3.846548e-001   1.677396e-076   9.771201e-055   5.414352e-004   1.000000e-030   6.713160e-002   1.000000e-030   1.000000e-030   1.000000e-030   1.000000e-030   4.037375e-010   2.765296e-028   3.980307e-003   1.000000e-030   1.000000e-030   2.144571e-038   5.436919e-001   1.000000e-030   1.000000e-030   1.000000e-030   1.000000e-030   1.000000e-030   1.000000e-030   1.000000e-030   3.282368e-135   4.574159e-223   
1.000000e-030   1.000000e-030   1.000000e-030   1.000000e-030   1.000000e-030   1.000000e-030   1.812795e-004   1.000000e-030   1.365070e-001   4.093292e-001   1.000000e-030   1.127149e-001   1.000000e-030   1.000000e-030   1.000000e-030   1.000000e-030   6.825352e-002   2.730141e-001   1.077345e-061   1.000000e-030   1.000000e-030   4.295676e-261   4.717783e-015   1.000000e-030   1.000000e-030   1.000000e-030   1.000000e-030   1.000000e-030   1.000000e-030   1.000000e-030   1.000000e-030   1.000000e-030   
---------------Pi values----------------
1.000000e+000   0.000000e+000   0.000000e+000   0.000000e+000   0.000000e+000   