0.828643  2.294585  2.608393  -2.170661  -1.263076  -1.743553  -0.857206  -0.812671  0.135829  0.001093  0.106152  -0.000176
2.920636  2.560374  1.579706  0.474845  -0.543996  -1.087173  -0.694480  -0.292250  -0.178203  -0.255789  -0.058819  0.000307
1.463210  1.215144  1.234595  0.630975  0.406205  -0.246137  0.205796  -0.063122  0.074074  0.054410  0.065144  -0.000113
3.162214  1.125645  0.535067  1.288346  0.617967  -1.235060  -0.080890  0.944658  0.398725  -0.216928  -0.113910  0.000033
0.164994  1.135735  3.041374  -2.717583  0.807015  0.001704  0.190042  0.158354  0.095975  0.025615  -0.048768  0.000243
1.246310  0.466702  2.500829  -0.917752  1.743194  0.321945  0.425047  0.212249  -0.008170  0.036720  -0.024111  0.000095
-0.362874  -0.738479  4.016288  -0.584206  -0.207711  -0.256036  0.890328  -0.070113  -0.070414  0.115070  -0.037615  0.000231
0.061287  -1.081642  4.807091  0.733084  1.330684  -0.894760  0.603392  1.332318  -0.181904  -0.005789  0.035578  -0.000069
2.950155  1.879651  0.942211  -0.156054  -0.710985  -0.327864  0.723263  0.560748  -0.005320  -0.128423  0.003338  0.000177
2.830025  1.668404  0.870657  -0.904496  -0.279563  0.868700  0.796387  -0.157993  -0.142990  -0.064542  0.002163  -0.000091
1.251094  0.232864  1.584457  -0.967943  0.693906  -0.472860  0.085760  -0.250217  -0.016883  -0.086428  -0.017096  0.000094
0.962289  1.824015  1.511119  -0.396951  1.730037  -1.181488  1.250653  -0.164006  0.087245  0.056118  -0.034868  -0.000050
0.284596  0.349891  0.281584  0.237676  0.307097  0.226934  0.322539  0.317872  0.335571  0.259747  0.094409  -0.000470
2.000488  0.070814  1.567472  -0.487168  0.667954  1.446574  -0.322166  0.161174  0.505479  -0.104120  0.027008  0.000003
0.848349  0.798661  0.946464  0.764482  0.794742  0.566210  0.458238  0.245935  0.236177  0.134968  0.069393  -0.000318
1.762420  1.505225  1.755773  1.307793  1.136234  0.740382  0.629730  0.619319  0.403362  0.192005  0.078851  -0.000076
2.569386  2.433332  2.319615  1.276507  0.424632  -0.267354  -0.513089  -0.670810  -0.449553  -0.221525  -0.043475  0.000233
2.105805  2.051941  2.004327  1.389959  0.993395  0.554647  0.211398  -0.077045  -0.159230  -0.120726  -0.003411  0.000220
2.594415  2.930735  3.011434  2.565842  1.747757  0.940387  0.333512  -0.262360  -0.467349  -0.309106  -0.069801  0.000727
2.136900  2.271050  2.331157  2.013723  1.596577  1.079659  0.656174  0.262326  0.024127  -0.040018  -0.003411  0.000232
1.549949  1.142398  1.146336  1.057354  1.502428  1.507862  0.943798  0.329219  0.137059  0.076295  0.079987  -0.000295
2.127797  0.245694  0.628991  0.582788  3.327957  1.047077  0.884850  1.147163  0.239524  -0.079597  -0.028753  -0.000174
1.749727  1.827841  1.873617  1.780477  1.656532  1.415585  1.133096  0.805890  0.546450  0.301589  0.127781  -0.000348
2.083623  2.369963  2.586832  2.473966  2.396887  1.996566  1.347222  0.812833  0.458940  0.238791  0.108427  -0.000380
1.717787  1.071349  1.066482  0.380008  0.665870  0.909619  1.161306  0.701421  0.307802  -0.007254  0.006018  0.000029
2.330173  1.404196  0.568204  0.489276  1.196610  1.934743  2.165851  1.296240  0.187939  -0.190953  -0.075446  -0.000000
2.204357  0.272600  0.786242  2.077704  2.217305  1.946764  1.564715  1.292268  0.118443  -0.483324  -0.001989  -0.000997
2.339131  1.282650  0.486400  0.828827  2.266460  2.865087  2.127199  0.728123  -0.099422  -0.141381  0.012668  -0.000661
2.616237  0.775486  0.769384  1.041107  1.009237  0.635474  1.239628  1.745161  0.499700  -0.404249  -0.161161  0.000200
2.501788  0.479589  0.430612  1.963415  1.703988  1.047042  1.977413  2.051044  0.275388  -0.558732  -0.139294  -0.000513
2.432977  0.047474  0.441471  2.250163  1.801447  1.458097  2.528124  1.588471  -0.301704  -0.453454  0.032183  -0.000931
2.625672  -0.726990  -0.154953  3.370710  2.995737  0.915858  1.881929  1.793017  -0.039696  -0.406598  -0.024838  -0.001319