-1
0
0
0
0
0
0
0
0
0
0
-1
0
0
0
0
0
0
0
0
0
-1
0
0
0
0
0
0
-1
0
-1
-1
0
0
0
0
0
0
0
0
0
0
0
0
0
0
0
0
0
-1
0
0
0
0
0
0
0
0
0
0
0
0
0
0
0
0
0
0
0
0
0
0
0
0
0
0
0
0
-1
0
0
0
0
0
0
0
0
0
0
0
0
-1
0
0
0
0
0
0
0
0
-1
0
0
0
0
0
0
0
0
-1
-1
0
0
0
0
0
0
0
0
0
0
0
-1
0
0
0
0
0
0
0
0
0
0
-1
-1
0
0
0
-1
0
0
0
0
0
-1
0
0
0
0
-1
0
0
0
0
0
0
0
0
0
0
0
0
0
0
-1
0
0
0
0
0
0
0
0
0
0
0
-1
0
0
0
0
0
0
0
0
0
0
0
0
0
0
0
0
0
0
0
-1
0
0
0
0
0
0
0
0
0
0
0
0
0
0
0
0
0
0
0
0
0
0
0
0
0
0
0
0
0
0
-1
0
0
0
0
0
0
0
0
0
0
0
0
0
0
0
0
0
0
0
-1
0
0
0
0
0
0
0
0
0
0
-1
-1
-1
0
0
0
0
-1
0
0
0
0
0
0
0
0
0
0
0
0
0
0
0
0
0
0
0
-1
0
0
-1
0
0
0
0
0
0
0
-1
0
0
0
-1
0
-1
0
0
0
0
0
-1
0
0
0
0
0
0
-1
0
0
0
0
0
0
0
0
-1
-1
0
0
0
0
0
0
0
0
0
0
0
-1
0
0
0
0
0
0
0
0
0
0
0
0
0
0
0
-1
0
0
0
0
-1
-1
0
0
0
-1
0
-1
0
0
0
-1
0
0
0
0
0
0
0
0
0
0
0
0
0
0
0
0
0
0
0
0
0
0
0
0
0
0
0
0
0
0
0
0
0
0
-1
0
0
0
0
0
0
0
0
0
0
0
-1
0
0
0
-1
-1
0
0
0
0
-1
0
0
0
0
0
0
-1
-1
0
0
-1
0
0
0
0
0
0
0
0
0
0
0
0
0
-1
0
0
0
0
0
0
-1
0
0
0
0
0
0
0
0
0
0
0
0
0
0
0
0
-1
0
0
-1
0
0
-1
0
0
0
0
0
0
0
0
0
0
0
-1
0
0
0
-1
-1
0
0
0
0
-1
0
0
0
-1
0
0
0
0
0
-1
0
0
0
0
0
0
0
0
0
0
0
-1
0
0
0
0
0
0
0
0
0
0
0
-1
0
0
-1
0
0
0
0
0
0
0
0
0
0
0
0
0
0
0
-1
0
0
0
0
0
0
0
-1
0
0
0
-1
0
0
-1
-1
0
0
0
0
0
0
0
-1
0
-1
0
0
0
0
0
0
0
0
0
0
0
0
0
-1
0
0
0
0
0
0
0
0
0
0
0
0
0
0
0
0
-1
0
-1
0
0
0
0
0
0
0
0
0
0
0
0
0
-1
-1
0
0
0
0
-1
0
0
0
0
0
0
0
0
0
-1
0
0
0
-1
0
0
0
0
-1
0
0
0
0
0
0
0
0
0
-1
0
0
0
0
0
0
0
0
0
-1
0
0
0
0
-1
0
0
0
-1
0
0
0
0
0
-1
0
-1
0
0
0
0
0
0
0
0
0
0
0
0
-1
0
0
0
0
0
0
0
0
0
0
-1
0
0
0
0
0
0
0
-1
-1
0
0
0
-1
0
0
0
0
0
0
0
0
0
0
0
0
0
0
0
0
0
0
0
0
0
0
-1
0
0
0
0
0
0
0
0
0
0
0
-1
0
-1
0
0
0
0
0
-1
0
0
0
0
0
0
0
0
0
0
0
0
0
-1
0
0
-1
0
0
0
0
0
0
0
0
0
0
0
0
0
-1
0
0
0
0
0
0
0
0
-1
0
0
0
0
-1
0
-1
0
0
0
0
0
-1
0
0
-1
0
0
0
0
0
0
0
0
0
0
0
0
0
0
0
0
0
0
0
0
0
0
0
0
0
0
0
0
0
0
0
0
0
0
0
-1
0
0
0
-1
-1
0
0
0
0
0
0
0
0
0
0
0
0
0
0
0
0
0
0
0
0
0
0
0
0
0
-1
0
0
0
0
0
0
0
-1
-1
0
0
0
0
0
0
0
-1
0
0
0
0
0
0
0
0
-1
0
0
0
0
0
0
0
0
0
0
-1
0
0
0
0
0
0
0
0
0
0
0
0
0
0
0
0
0
0
0
0
0
0
0
0
0
0
0
0
0
0
0
0
0
0
0
0
0
0
0
-1
0
0
0
0
-1
0
0
0
0
0
0
-1
0
0
-1
0
0
0
-1
0
0
0
0
0
0
0
0
0
0
0
0
0
0
-1
0
-1
0
0
0
0
0
0
0
0
0
0
0
0
0
0
0
0
0
0
0
0
0
0
0
0
0
0
0
0
0
0
0
-1
0
0
0
0
0
0
0
0
0
0
0
0
0
0
0
0
0
-1
0
0
0
0
0
0
0
0
0
0
-1
0
0
0
0
0
0
0
0
0
0
-1
0
0
0
0
-1
0
0
0
0
-1
0
0
0
0
0
0
0
0
0
0
0
0
0
-1
0
0
0
0
0
0
0
0
0
0
0
0
0
0
0
0
0
0
0
0
0
-1
0
0
0
0
0
0
0
0
-1
0
-1
-1
0
0
0
0
0
0
0
0
0
0
-1
0
-1
0
0
0
0
0
0
-1
0
0
0
0
0
0
0
0
0
0
0
0
0
0
0
0
0
0
0
0
-1
0
0
0
0
0
0
0
0
0
0
0
0
0
0
0
0
0
0
0
0
0
0
0
0
0
0
0
0
0
0
-1
-1
0
0
0
0
0
-1
-1
0
0
0
-1
0
0
0
-1
0
-1
0
-1
0
-2
1
-3
3
-14
-39
-26
-20
-9
0
12
23
36
52
70
89
101
106
113
123
131
135
135
132
126
119
111
101
88
70
50
33
16
-4
-28
-52
-74
-92
-110
-126
-144
-160
-172
-180
-185
-189
-192
-192
-189
-183
-175
-166
-156
-145
-134
-121
-106
-92
-79
-65
-50
-36
-24
-13
-5
3
11
21
29
37
44
51
58
65
71
77
83
90
98
106
113
120
126
133
139
144
149
153
158
161
162
163
161
157
153
146
139
131
122
111
100
88
75
61
47
34
20
7
-7
-20
-34
-47
-58
-68
-77
-84
-91
-97
-101
-104
-107
-108
-109
-108
-106
-104
-100
-98
-94
-89
-84
-78
-72
-66
-59
-52
-44
-36
-27
-18
-9
0
10
23
36
53
74
89
97
104
112
122
130
135
136
132
126
121
112
102
88
70
51
34
16
-6
-32
-56
-79
-99
-118
-138
-158
-176
-189
-200
-208
-214
-219
-220
-217
-211
-202
-194
-184
-172
-159
-143
-126
-111
-95
-79
-59
-41
-26
-13
-2
10
23
36
47
55
65
75
85
94
101
109
117
125
135
143
151
159
166
173
180
186
192
196
200
203
205
206
203
198
192
184
175
165
152
137
122
106
89
70
51
33
15
-3
-21
-39
-57
-73
-88
-101
-113
-124
-132
-139
-145
-149
-152
-153
-153
-152
-150
-145
-141
-134
-128
-121
-113
-105
-97
-87
-77
-65
-53
-42
-30
-18
-3
11
25
40
55
71
90
112
130
139
143
149
157
164
166
161
151
142
133
121
105
84
62
39
20
0
-25
-53
-80
-103
-124
-141
-160
-180
-197
-210
-217
-221
-227
-231
-232
-229
-220
-211
-203
-194
-183
-168
-152
-136
-121
-106
-89
-69
-51
-34
-20
-7
7
21
36
49
61
73
86
98
109
119
127
135
144
153
161
168
173
177
182
186
189
189
189
190
190
189
186
179
173
165
158
148
131
120
108
96
84
68
52
38
24
11
-3
-16
-29
-42
-53
-63
-69
-78
-86
-93
-99
-98
-98
-101
-102
-103
-99
-91
-90
-87
-84
-79
-69
-62
-57
-52
-47
-37
-29
-23
-17
-12
-6
0
5
9
14
18
21
26
36
47
54
49
44
47
49
53
50
42
38
34
33
30
23
17
10
6
4
1
-4
-12
-18
-22
-22
-18
-22
-27
-31
-31
-21
-19
-20
-22
-25
-24
-21
-18
-18
-18
-18
-17
-15
-13
-14
-13
-10
-7
-4
-2
-2
-4
-3
-1
1
2
3
4
5
8
9
9
9
9
10
12
14
14
14
14
15
15
15
15
15
16
17
18
17
16
14
13
13
12
11
10
9
8
6
4
3
1
-1
-2
-3
-4
-6
-8
-9
-11
-12
-13
-14
-16
-16
-17
-17
-17
-17
-16
-16
-15
-15
-14
-13
-11
-10
-9
-9
-9
-7
-5
-3
-2
-2
-2
-1
-1
0
-1
-2
-1
0
3
10
16
15
11
10
12
15
16
15
12
10
11
11
11
9
5
2
2
3
2
-3
-8
-10
-11
-10
-11
-15
-19
-21
-21
-20
-20
-21
-23
-25
-23
-20
-18
-17
-17
-17
-16
-14
-13
-13
-11
-8
-4
-2
-1
-1
-2
-1
1
3
3
4
6
7
9
10
10
10
11
12
14
14
15
15
15
15
15
15
15
15
16
17
18
17
16
15
14
13
12
12
10
9
7
6
4
3
1
-2
-3
-4
-6
-8
-10
-11
-13
-15
-15
-16
-17
-18
-18
-17
-17
-17
-17
-17
-16
-14
-13
-12
-11
-10
-9
-8
-7
-6
-4
-3
-2
-1
-1
0
0
0
-1
-1
0
0
1
4
10
16
15
12
11
12
14
16
15
13
11
11
10
10
8
5
2
2
3
1
-3
-8
-10
-11
-11
-12
-15
-19
-20
-20
-19
-19
-20
-22
-24
-22
-18
-16
-16
-16
-16
-13
-10
-11
-12
-10
-8
-4
-1
0
-1
-2
-1
1
3
3
4
4
7
10
10
10
10
10
11
13
14
15
15
15
15
15
15
14
14
15
16
17
16
14
12
11
11
11
10
8
7
6
4
2
0
-2
-3
-4
-5
-6
-9
-9
-11
-12
-13
-15
-15
-16
-16
-16
-17
-17
-17
-17
-16
-15
-14
-13
-12
-11
-9
-8
-6
-5
-4
-3
-2
-2
0
1
2
2
2
1
1
1
2
3
3
7
13
16
15
13
12
12
14
16
15
12
10
10
9
9
7
4
2
2
2
-1
-5
-8
-11
-12
-12
-13
-17
-20
-21
-21
-20
-20
-21
-22
-23
-22
-19
-17
-16
-16
-15
-13
-12
-13
-11
-9
-6
-3
0
0
0
1
1
2
4
5
6
7
9
11
11
12
12
12
12
14
14
14
15
15
15
14
14
14
15
15
16
16
15
14
12
11
11
10
8
8
7
5
4
2
0
-2
-4
-5
-6
-8
-10
-11
-12
-14
-15
-16
-17
-17
-17
-17
-17
-16
-17
-16
-16
-14
-13
-12
-11
-10
-8
-6
-5
-4
-3
-1
0
1
1
2
3
3
3
3
2
2
2
2
3
8
15
18
15
12
12
13
14
16
14
11
10
10
9
8
7
3
1
2
2
-1
-5
-8
-10
-11
-11
-13
-18
-21
-21
-21
-20
-20
-22
-23
-22
-21
-19
-18
-17
-16
-14
-11
-9
-11
-12
-9
-5
-2
1
2
1
1
3
4
4
4
5
7
10
12
12
11
11
11
12
13
13
13
14
15
15
15
14
13
12
13
15
15
14
13
12
11
10
10
8
6
5
4
3
2
0
-3
-5
-5
-6
-8
-10
-11
-11
-12
-13
-15
-16
-17
-16
-16
-15
-15
-15
-15
-14
-13
-11
-10
-10
-8
-7
-5
-4
-3
-2
-1
0
0
1
2
2
2
2
1
0
0
1
2
3
7
14
18
15
12
12
13
14
16
15
13
10
10
10
9
7
4
1
1
2
0
-4
-8
-11
-12
-12
-15
-18
-21
-22
-22
-20
-20
-21
-22
-21
-19
-18
-17
-17
-16
-14
-10
-8
-9
-11
-10
-6
-3
1
2
1
1
3
5
4
3
4
5
9
11
12
12
11
11
12
13
12
12
12
14
16
16
16
14
13
14
16
16
15
13
12
11
11
10
9
6
5
4
4
2
0
-2
-4
-5
-6
-8
-10
-11
-12
-12
-13
-15
-16
-16
-16
-15
-15
-15
-15
-15
-15
-13
-12
-11
-10
-10
-8
-6
-4
-3
-3
-3
-1
0
1
2
3
3
3
3
2
1
1
2
3
7
14
18
16
13
12
13
15
16
16
13
11
11
10
9
7
3
0
0
1
-1
-4
-8
-11
-12
-12
-15
-18
-22
-23
-23
-22
-21
-22
-24
-24
-20
-17
-16
-16
-16
-15
-13
-8
-5
-6
-8
-6
-2
1
4
5
5
5
8
10
9
7
7
9
11
14
15
14
12
12
14
15
14
12
11
13
15
16
15
13
11
11
12
13
11
10
9
8
8
8
6
3
1
0
0
-1
-3
-6
-8
-9
-10
-11
-12
-15
-16
-16
-16
-17
-18
-19
-19
-18
-16
-15
-14
-14
-13
-11
-10
-9
-8
-7
-5
-3
-1
1
2
2
2
4
6
6
5
6
4
4
-4
-21
-9
-2
7
15
26
34
24
22
22
24
27
32
38
37
33
29
24
16
6
-1
-5
-5
-6
-6
-7
-13
-21
-30
-47
-57
-63
-63
-56
-63
-63
-56
-57
-57
-62
-68
-60
-54
-41
-25
-6
10
17
20
18
11
2
0
1
3
9
15
14
5
-4
-13
-22
-23
-14
2
17
32
42
45
46
48
58
75
92
109
124
140
159
169
171
183
187
184
179
159
144
119
103
86
52
18
-24
-66
-115
-147
-167
-183
-192
-206
-209
-205
-198
-180
-166
-159
-149
-138
-127
-122
-114
-91
-62
-35
-10
11
30
41
58
90
125
159
176
184
167
130
107
107
114
137
155
161
101
-6
-103
-163
-164
-75
170
452
654
753
788
685
455
250
155
142
160
221
300
256
50
-243
-537
-821
-1044
-1106
-1040
-900
-791
-704
-660
-757
-921
-1002
-979
-885
-733
-471
-171
3
69
104
92
18
-8
104
278
439
593
729
761
659
549
467
364
263
255
300
306
247
176
89
-58
-197
-241
-213
-167
-88
53
179
228
259
311
355
378
443
557
634
642
641
621
523
388
291
230
148
50
-4
-61
-170
-294
-355
-386
-430
-441
-406
-379
-405
-436
-437
-460
-504
-487
-393
-290
-203
-99
2
24
-22
-44
-48
-71
-80
-13
79
101
79
68
27
-72
-107
17
183
265
352
486
515
384
343
449
459
336
353
488
322
-136
-470
-600
-730
-637
219
1443
2180
2263
2159
1819
893
-20
-192
34
-27
-99
193
240
-489
-1437
-1984
-2381
-2826
-2773
-2038
-1330
-1108
-990
-771
-850
-1233
-1306
-885
-431
-65
486
1046
1103
722
367
81
-313
-557
-345
66
301
435
572
475
140
-35
173
468
716
983
1124
923
484
152
-31
-161
-173
22
252
288
204
122
10
-136
-141
91
377
567
692
763
657
398
195
126
90
53
90
131
17
-220
-420
-554
-675
-705
-545
-293
-114
-11
61
42
-102
-245
-282
-267
-268
-240
-145
-70
-71
-81
-70
-94
-185
-251
-242
-188
-116
-5
149
243
211
106
64
104
236
452
765
1066
1153
1040
890
773
599
489
638
864
722
162
-462
-978
-1303
-1041
189
1795
2772
2906
2552
1748
470
-591
-836
-618
-504
-379
-81
-144
-961
-2035
-2768
-3198
-3412
-3060
-2102
-1187
-791
-676
-595
-745
-1122
-1238
-855
-299
174
654
1037
939
332
-342
-798
-1087
-1167
-865
-321
72
164
111
7
-126
-87
314
1031
1717
2162
2279
1995
1324
514
-51
-263
-172
99
393
501
320
-17
-323
-478
-412
-93
404
895
1227
1303
1112
738
356
127
87
182
307
339
205
-75
-416
-723
-901
-871
-628
-254
118
361
405
282
93
-64
-144
-145
-107
-108
-165
-254
-359
-501
-652
-734
-717
-609
-403
-149
49
140
192
243
204
99
74
188
322
526
848
1067
973
791
840
860
555
255
352
516
247
-224
-600
-1126
-1630
-965
1172
3127
3579
3017
2232
1041
-376
-960
-630
-533
-976
-985
-424
-463
-1507
-2604
-3140
-3424
-3416
-2576
-1217
-398
-360
-388
-255
-421
-833
-838
-343
100
340
674
921
564
-280
-953
-1231
-1379
-1356
-888
-186
218
256
248
219
11
-54
556
1762
2815
3248
3083
2278
983
-197
-657
-505
-205
73
345
467
259
-142
-470
-610
-496
-20
760
1478
1766
1576
1090
508
7
-237
-196
-29
78
66
-70
-366
-777
-1117
-1223
-1041
-601
-12
492
680
541
242
-55
-269
-348
-322
-318
-384
-468
-540
-684
-899
-1037
-1010
-823
-498
-83
241
340
285
203
90
-31
-23
168
398
619
862
1019
970
899
991
968
613
250
274
421
279
-63
-476
-1056
-1364
-369
1901
3814
4185
3432
2278
809
-584
-1073
-828
-885
-1360
-1341
-798
-808
-1715
-2685
-3187
-3438
-3303
-2314
-873
-15
56
17
82
-138
-555
-611
-284
-45
63
326
537
207
-590
-1313
-1702
-1800
-1549
-930
-243
193
397
518
553
477
433
659
1249
2119
2909
3141
2668
1643
407
-609
-1070
-965
-550
-87
274
463
409
147
-151
-282
-126
316
939
1509
1746
1527
977
346
-172
-480
-537
-405
-237
-158
-200
-357
-601
-819
-844
-603
-173
294
657
810
716
441
110
-182
-404
-546
-618
-653
-683
-724
-777
-816
-808
-699
-508
-282
-52
176
360
402
339
229
88
-50
-59
185
577
875
968
933
837
648
409
288
357
448
371
120
-320
-919
-1277
-668
1097
3098
4183
4020
2963
1422
-131
-1090
-1320
-1346
-1525
-1549
-1207
-963
-1306
-2055
-2723
-3120
-3132
-2508
-1311
-162
398
465
362
131
-250
-545
-557
-418
-297
-119
117
105
-369
-1066
-1584
-1775
-1657
-1209
-506
169
605
856
1037
1091
970
884
1040
1416
1823
2075
2066
1653
821
-120
-794
-1054
-934
-501
91
589
797
732
536
320
191
254
542
922
1196
1236
1008
567
28
-439
-692
-706
-556
-356
-196
-146
-227
-369
-451
-380
-163
127
402
569
569
401
128
-176
-468
-703
-827
-810
-693
-569
-523
-570
-677
-739
-633
-326
53
336
442
374
211
42
-62
-132
-160
-110
74
393
788
1140
1246
1029
650
425
445
505
341
-145
-793
-1112
-480
1278
3406
4654
4421
3006
1132
-526
-1460
-1597
-1419
-1410
-1501
-1387
-1191
-1316
-1861
-2509
-2931
-2918
-2280
-1076
161
787
691
265
-160
-509
-727
-716
-540
-387
-296
-199
-197
-504
-1096
-1650
-1863
-1665
-1131
-396
316
767
888
834
789
815
906
1105
1475
1918
2127
1865
1242
408
-437
-978
-1015
-644
-151
289
619
794
754
567
396
350
443
649
919
1108
1059
749
305
-117
-422
-547
-475
-290
-137
-91
-138
-232
-328
-352
-230
30
336
586
710
655
408
53
-281
-508
-621
-657
-653
-647
-681
-742
-779
-745
-605
-379
-97
187
377
388
207
-53
-262
-314
-194
52
316
448
420
362
383
418
386
377
544
808
946
762
187
-578
-948
-245
1643
3807
5000
4612
2911
698
-1181
-2128
-2149
-1789
-1536
-1406
-1260
-1191
-1409
-1912
-2470
-2821
-2687
-1887
-586
637
1212
1032
388
-357
-926
-1128
-958
-635
-397
-297
-304
-460
-826
-1323
-1733
-1851
-1554
-855
22
727
1026
978
799
664
602
566
569
697
1066
1669
2199
2213
1537
387
-727
-1300
-1141
-461
325
869
1045
923
652
358
131
48
169
491
900
1182
1138
722
90
-484
-773
-716
-422
-101
76
58
-94
-264
-349
-297
-110
159
420
590
617
486
226
-95
-398
-631
-756
-766
-681
-577
-523
-538
-601
-618
-515
-291
-23
163
178
34
-172
-327
-354
-244
-23
238
473
625
640
545
442
457
618
784
742
419
78
206
1164
2828
4400
4934
4002
1983
-198
-1688
-2131
-1808
-1311
-1086
-1213
-1526
-1847
-2125
-2377
-2552
-2473
-1951
-999
85
852
986
500
-282
-938
-1184
-998
-591
-253
-181
-402
-810
-1261
-1633
-1824
-1767
-1450
-927
-313
233
562
614
449
228
127
264
631
1105
1490
1607
1457
1116
742
473
338
334
378
422
439
409
362
321
322
376
472
586
672
693
641
536
419
321
250
200
149
78
-13
-122
-229
-309
-339
-303
-210
-85
44
161
253
313
333
301
208
65
-100
-253
-378
-477
-553
-603
-619
-609
-604
-623
-650
-614
-449
-179
62
128
-63
-386
-592
-533
-210
201
491
587
542
456
374
295
274
398
697
1021
1078
721
198
62
798
2362
3985
4645
3815
1845
-298
-1684
-1950
-1433
-809
-601
-908
-1489
-2036
-2392
-2562
-2554
-2278
-1650
-752
127
634
564
-1
-712
-1149
-1076
-581
2
305
132
-443
-1149
-1682
-1869
-1714
-1342
-901
-495
-181
-1
23
-74
-168
-95
225
696
1083
1191
1024
826
844
1138
1501
1559
1187
575
103
27
277
588
670
505
265
142
206
345
426
401
366
429
579
691
624
362
32
-189
-214
-101
-2
-36
-205
-407
-502
-432
-231
4
195
306
338
301
205
72
-75
-206
-303
-363
-402
-457
-553
-671
-770
-789
-701
-531
-350
-269
-309
-414
-468
-375
-158
74
214
236
257
400
674
905
882
679
535
645
912
1033
840
396
97
456
1724
3410
4382
3821
1954
-140
-1437
-1592
-909
-58
236
-367
-1527
-2503
-2847
-2708
-2402
-1984
-1380
-721
-275
-152
-307
-659
-1056
-1188
-804
-67
515
548
39
-723
-1405
-1743
-1620
-1162
-697
-501
-591
-773
-862
-808
-633
-348
38
452
782
931
870
662
488
585
1096
1839
2289
2133
1420
504
-140
-293
21
523
845
793
430
19
-224
-219
12
376
751
979
958
710
339
2
-155
-81
147
334
300
10
-409
-740
-805
-570
-158
222
407
358
151
-78
-220
-233
-134
1
86
44
-151
-456
-765
-947
-930
-731
-477
-299
-286
-403
-509
-511
-382
-194
-62
11
45
123
314
555
746
770
683
667
841
1117
1232
1019
588
302
576
1578
2916
3739
3348
1822
23
-1103
-1160
-461
280
400
-338
-1557
-2568
-2902
-2612
-2065
-1549
-1156
-905
-822
-879
-1002
-1097
-1058
-783
-275
238
429
147
-452
-1021
-1272
-1125
-739
-413
-379
-651
-1031
-1272
-1241
-953
-525
-97
204
310
248
142
173
476
1046
1688
2073
1982
1477
865
474
441
648
846
837
585
237
-26
-110
-32
131
319
488
610
636
554
415
299
276
349
445
455
318
72
-172
-311
-327
-265
-193
-151
-130
-99
-48
10
55
71
64
29
-27
-103
-204
-308
-379
-423
-487
-600
-714
-736
-646
-476
-329
-286
-386
-560
-612
-462
-157
129
284
350
404
516
686
801
806
782
880
1046
1033
769
434
344
752
1761
3011
3569
2752
982
-493
-856
-311
496
959
596
-706
-2260
-3011
-2664
-1903
-1427
-1245
-1178
-1319
-1660
-1828
-1558
-1090
-716
-356
54
219
-91
-613
-887
-787
-489
-164
32
-107
-627
-1235
-1516
-1309
-802
-324
-115
-207
-430
-561
-480
-201
202
660
1165
1714
2201
2351
1885
1066
427
373
831
1298
1367
873
51
-607
-696
-225
364
648
534
243
54
88
309
583
743
708
530
319
156
47
-21
-47
-59
-92
-175
-279
-350
-333
-222
-63
65
84
-5
-129
-198
-173
-110
-82
-141
-280
-455
-596
-646
-617
-555
-532
-555
-588
-598
-568
-460
-292
-106
23
103
261
518
801
933
918
932
1047
1198
1207
1032
798
709
1047
1900
2819
2990
2025
520
-488
-517
110
721
758
-16
-1336
-2433
-2647
-2085
-1438
-1194
-1300
-1536
-1804
-1966
-1804
-1317
-802
-496
-368
-349
-481
-710
-780
-535
-151
72
34
-201
-579
-986
-1166
-944
-492
-212
-303
-611
-858
-874
-627
-217
134
286
438
929
1747
2226
1891
1047
411
507
1138
1753
1796
1083
50
-576
-381
303
781
707
285
-61
-107
116
449
679
667
474
276
176
149
157
215
293
286
121
-150
-382
-434
-272
8
217
200
-31
-302
-414
-298
-53
126
100
-131
-438
-638
-639
-497
-357
-317
-395
-531
-658
-711
-656
-526
-377
-249
-165
-121
-78
36
306
638
865
897
859
951
1108
1125
898
660
736
1285
2203
2938
2788
1598
197
-315
259
1138
1438
845
-405
-1720
-2379
-2075
-1311
-933
-1230
-1811
-2237
-2394
-2245
-1747
-1106
-718
-727
-903
-1023
-1040
-888
-481
39
325
204
-167
-532
-716
-625
-302
-14
-49
-407
-796
-955
-832
-522
-177
46
128
223
471
766
867
867
910
1030
1126
1065
912
699
531
527
656
745
626
374
208
247
428
610
699
660
511
352
288
321
384
410
381
295
142
-27
-134
-134
-55
23
43
-12
-117
-203
-208
-131
-31
22
-10
-118
-253
-344
-335
-250
-184
-225
-364
-511
-562
-513
-433
-420
-511
-578
-550
-417
-280
-197
-138
-29
169
404
547
576
645
870
1162
1209
935
649
738
1343
2170
2680
2372
1307
282
127
837
1561
1504
594
-657
-1615
-1852
-1434
-917
-905
-1469
-2152
-2527
-2516
-2221
-1751
-1297
-1106
-1227
-1433
-1460
-1213
-747
-214
140
115
-222
-541
-545
-226
168
354
202
-202
-609
-751
-536
-111
235
289
64
-223
-358
-188
263
745
967
779
381
112
190
561
933
1037
809
457
272
394
709
960
980
805
601
519
597
744
830
773
591
386
249
227
282
325
273
114
-75
-191
-182
-79
22
31
-84
-255
-367
-348
-212
-63
-5
-84
-256
-385
-383
-262
-139
-134
-264
-426
-502
-470
-386
-368
-446
-511
-443
-248
-15
83
30
-99
-158
-22
254
614
893
956
719
325
168
598
1525
2378
2525
1793
749
247
719
1701
2221
1717
462
-718
-1200
-953
-473
-341
-782
-1560
-2227
-2503
-2380
-2013
-1608
-1400
-1531
-1894
-2156
-2001
-1403
-650
-162
-184
-576
-894
-767
-229
343
581
409
33
-279
-355
-184
142
448
565
363
-92
-438
-332
313
1018
1140
557
-224
-472
41
835
1195
827
98
-318
-79
553
1029
1027
682
362
326
566
896
1128
1147
958
665
431
390
548
745
760
494
83
-206
-215
-23
142
96
-143
-406
-524
-450
-285
-160
-163
-286
-438
-506
-437
-280
-145
-145
-268
-414
-458
-375
-243
-170
-194
-240
-269
-234
-155
-48
65
107
43
-64
-71
148
564
867
783
336
-29
261
1182
2120
2310
1581
620
294
910
1857
2226
1643
522
-371
-609
-343
-58
-139
-634
-1323
-1920
-2223
-2167
-1850
-1509
-1441
-1757
-2240
-2478
-2200
-1524
-870
-633
-872
-1263
-1358
-959
-270
276
375
82
-255
-292
50
533
795
695
346
29
-23
181
487
658
543
196
-167
-275
-41
353
592
471
99
-192
-123
286
726
887
720
453
378
593
949
1199
1199
1007
795
717
803
958
1041
952
701
409
229
231
336
382
253
-14
-269
-376
-328
-239
-228
-327
-478
-586
-607
-550
-468
-423
-446
-516
-563
-519
-388
-261
-237
-322
-399
-345
-160
7
25
-68
-149
-92
37
107
81
86
260
526
609
378
65
148
819
1626
1900
1378
570
302
885
1793
2159
1628
647
-51
-122
193
397
202
-322
-922
-1381
-1624
-1642
-1488
-1322
-1361
-1697
-2131
-2298
-2011
-1461
-1055
-1054
-1353
-1585
-1448
-958
-416
-135
-195
-411
-509
-340
45
440
620
518
273
107
154
426
748
876
680
283
5
58
374
649
622
297
-72
-184
35
386
585
507
284
152
249
526
815
949
889
739
654
719
888
1031
1032
869
640
489
485
566
588
459
216
-7
-98
-63
-12
-62
-218
-395
-494
-499
-475
-471
-512
-560
-600
-635
-635
-588
-487
-393
-392
-451
-466
-341
-128
8
-33
-150
-146
2
143
128
96
230
498
606
357
71
260
1011
1721
1695
975
360
566
1423
2074
1896
1095
371
180
393
575
456
68
-410
-863
-1233
-1427
-1373
-1181
-1140
-1453
-1972
-2296
-2149
-1658
-1230
-1184
-1476
-1767
-1730
-1327
-818
-502
-476
-593
-652
-551
-313
-13
255
396
351
178
21
82
415
763
818
498
118
40
264
558
637
459
199
32
64
229
396
470
430
324
241
289
511
785
912
821
647
603
754
977
1092
1008
801
629
588
645
680
620
476
289
120
18
-7
-6
-61
-205
-380
-495
-510
-476
-485
-564
-662
-698
-659
-604
-577
-575
-553
-508
-462
-435
-389
-294
-178
-98
-103
-111
-74
1
79
145
285
462
530
408
217
333
849
1420
1538
1076
571
584
1176
1782
1800
1233
578
311
452
651
604
287
-142
-550
-891
-1109
-1130
-1004
-960
-1217
-1710
-2092
-2056
-1650
-1258
-1216
-1507
-1806
-1793
-1441
-996
-722
-693
-783
-819
-713
-480
-192
53
173
138
25
-10
133
409
636
649
450
250
256
480
704
698
491
279
244
372
502
524
441
348
311
339
411
511
612
665
635
567
567
688
849
911
827
689
627
678
744
714
577
421
331
302
264
180
62
-50
-146
-230
-293
-343
-391
-465
-558
-623
-630
-603
-586
-603
-636
-632
-591
-537
-488
-434
-362
-307
-301
-293
-226
-99
6
2
-7
106
343
512
459
312
390
833
1335
1455
1103
735
822
1336
1774
1696
1198
713
565
680
755
601
270
-86
-395
-674
-907
-1008
-980
-985
-1204
-1602
-1910
-1901
-1626
-1371
-1375
-1604
-1803
-1751
-1458
-1130
-959
-954
-982
-923
-761
-550
-345
-170
-56
-26
-39
-36
92
331
532
549
380
219
247
479
713
714
488
258
236
430
622
635
490
338
320
426
561
645
659
631
592
577
624
742
869
895
786
631
571
655
772
771
613
399
274
279
323
288
149
-36
-175
-235
-252
-279
-350
-459
-563
-626
-644
-630
-632
-645
-660
-663
-633
-601
-560
-524
-477
-414
-357
-303
-253
-203
-158
-123
-65
56
218
353
374
316
326
541
908
1193
1206
987
812
923
1280
1567
1511
1141
742
579
649
741
643
321
-85
-415
-601
-684
-739
-826
-976
-1199
-1449
-1616
-1612
-1464
-1317
-1313
-1456
-1604
-1593
-1383
-1095
-906
-882
-944
-946
-807
-571
-346
-214
-176
-172
-133
-41
95
229
327
370
364
346
351
416
516
610
636
564
456
411
488
632
714
658
512
414
460
618
756
762
651
539
537
648
769
803
735
625
552
547
580
594
551
452
330
227
170
157
147
88
-35
-182
-289
-319
-303
-309
-384
-507
-613
-646
-611
-567
-564
-605
-649
-647
-598
-526
-471
-439
-414
-374
-309
-239
-185
-158
-122
-58
63
181
253
266
254
332
512
760
938
955
869
794
887
1101
1301
1312
1082
800
607
590
662
643
449
114
-220
-431
-486
-477
-535
-692
-921
-1120
-1202
-1200
-1148
-1101
-1111
-1144
-1194
-1219
-1156
-1033
-879
-763
-736
-744
-732
-647
-486
-326
-217
-181
-193
-181
-116
6
138
228
248
219
210
244
334
437
491
488
437
386
391
441
511
549
518
449
386
375
426
484
506
472
402
359
358
388
421
409
366
313
261
236
225
215
197
156
101
45
1
-22
-33
-46
-72
-109
-151
-186
-205
-210
-208
-208
-225
-246
-263
-269
-253
-236
-218
-203
-197
-188
-182
-170
-143
-110
-76
-58
-57
-63
-59
-36
2
43
65
66
57
61
93
146
202
236
241
219
215
231
265
291
280
248
198
150
119
96
73
36
-16
-73
-123
-157
-183
-205
-230
-257
-273
-289
-300
-305
-309
-300
-292
-288
-278
-270
-257
-238
-225
-208
-189
-169
-145
-129
-115
-99
-81
-59
-39
-21
-4
11
27
44
62
81
101
117
129
141
153
165
178
186
193
198
198
200
198
196
196
194
190
184
175
169
164
159
154
144
134
124
110
99
89
80
71
60
45
30
18
9
2
-5
-14
-26
-37
-47
-54
-61
-68
-76
-85
-94
-102
-107
-108
-111
-114
-118
-121
-121
-118
-115
-109
-105
-101
-97
-93
-88
-81
-72
-63
-56
-49
-42
-34
-23
-11
1
15
28
42
56
71
86
98
107
113
120
124
128
129
125
119
114
108
99
87
74
61
47
33
18
4
-12
-27
-41
-55
-66
-76
-88
-97
-107
-113
-115
-118
-121
-122
-122
-117
-114
-110
-107
-104
-98
-91
-85
-76
-66
-58
-49
-40
-30
-21
-11
-2
7
15
24
34
41
48
54
60
65
70
75
79
82
84
86
85
85
87
87
86
83
81
80
78
75
68
61
58
53
48
42
35
29
23
18
12
6
0
-5
-10
-15
-21
-26
-32
-36
-40
-44
-47
-52
-56
-59
-60
-62
-62
-63
-62
-62
-61
-58
-55
-52
-49
-45
-40
-35
-31
-26
-20
-14
-8
0
7
14
23
31
41
51
60
66
71
76
81
84
86
86
83
80
76
73
68
62
53
43
33
23
14
4
-7
-18
-28
-37
-46
-55
-63
-71
-78
-83
-86
-88
-91
-93
-94
-93
-91
-88
-86
-84
-82
-78
-73
-67
-61
-55
-49
-42
-34
-27
-20
-14
-7
1
9
17
24
32
39
46
51
57
63
68
73
76
78
80
81
83
83
84
83
82
80
78
75
70
65
61
56
50
44
37
29
23
16
11
6
1
-5
-11
-17
-22
-26
-30
-34
-37
-41
-46
-49
-51
-53
-54
-56
-57
-57
-57
-56
-55
-53
-52
-50
-47
-43
-40
-37
-33
-29
-25
-20
-15
-10
-4
1
7
13
21
29
37
46
54
60
65
70
75
78
80
80
79
76
73
69
65
60
52
44
34
25
16
8
-1
-10
-20
-30
-38
-46
-53
-60
-67
-73
-77
-82
-83
-84
-85
-85
-85
-84
-83
-82
-79
-75
-71
-67
-63
-58
-53
-47
-41
-35
-28
-22
-15
-8
-2
6
13
20
27
34
42
50
58
65
70
74
78
82
86
89
90
90
89
88
87
86
83
79
74
68
63
57
51
43
36
29
22
15
9
2
-5
-11
-18
-25
-30
-36
-40
-44
-48
-51
-54
-57
-59
-61
-62
-63
-63
-63
-63
-61
-59
-57
-55
-53
-51
-48
-44
-40
-36
-32
-29
-25
-20
-14
-8
-2
2
7
13
21
30
38
47
55
62
68
74
81
85
87
87
87
86
83
81
76
70
63
56
48
40
31
21
12
3
-7
-17
-26
-35
-44
-54
-61
-68
-73
-78
-82
-86
-89
-91
-92
-91
-90
-88
-86
-84
-81
-78
-75
-70
-65
-58
-52
-46
-41
-35
-28
-21
-13
-5
2
9
16
24
32
39
47
54
61
68
74
78
83
86
88
89
90
90
89
87
86
83
80
75
70
64
60
54
47
41
34
27
19
12
5
-3
-10
-17
-24
-30
-34
-39
-43
-48
-53
-56
-58
-60
-62
-62
-63
-63
-62
-61
-59
-58
-57
-55
-52
-49
-46
-43
-40
-36
-33
-29
-25
-21
-17
-12
-7
-2
4
9
14
20
27
35
43
52
60
66
71
77
82
83
83
83
82
79
77
74
68
62
57
51
44
35
27
16
7
-2
-10
-19
-29
-38
-47
-55
-62
-68
-73
-77
-81
-84
-86
-87
-86
-85
-85
-84
-82
-79
-76
-72
-69
-65
-60
-54
-48
-42
-36
-29
-23
-17
-10
-3
4
11
18
25
32
40
46
53
60
67
73
78
81
83
85
86
87
88
88
86
83
81
78
75
71
65
59
52
46
40
33
26
18
9
0
-7
-14
-21
-28
-35
-40
-46
-50
-54
-57
-59
-62
-63
-64
-64
-64
-64
-63
-61
-60
-58
-55
-53
-50
-47
-44
-42
-39
-35
-31
-28
-23
-19
-15
-11
-7
-2
3
9
14
19
24
29
35
43
50
57
63
69
74
79
82
84
84
83
81
78
75
70
65
61
54
47
39
29
19
9
1
-8
-17
-26
-34
-43
-50
-58
-64
-70
-74
-78
-79
-81
-81
-82
-82
-81
-79
-77
-75
-72
-69
-66
-62
-58
-54
-49
-44
-38
-32
-26
-20
-15
-9
-3
3
10
16
23
29
35
41
46
52
59
65
70
73
75
77
79
80
81
80
78
75
72
70
67
63
58
52
45
40
34
28
21
13
7
0
-7
-13
-20
-26
-32
-36
-41
-44
-48
-51
-54
-55
-56
-57
-59
-59
-58
-57
-55
-54
-52
-51
-48
-45
-42
-38
-35
-31
-28
-24
-20
-16
-11
-7
-4
0
3
7
10
14
17
21
25
29
33
38
43
49
54
59
62
63
64
66
67
65
63
60
57
53
50
47
42
36
29
23
16
9
1
-6
-13
-20
-26
-33
-39
-46
-53
-58
-61
-64
-67
-69
-71
-72
-72
-71
-70
-69
-68
-66
-64
-60
-57
-53
-49
-44
-39
-34
-28
-23
-18
-14
-8
-2
3
9
14
20
24
30
35
40
44
49
54
59
63
66
68
68
69
70
71
70
68
65
62
59
57
53
49
44
38
33
28
22
15
9
3
-2
-9
-15
-21
-27
-31
-35
-38
-42
-46
-49
-50
-50
-51
-52
-52
-53
-52
-51
-48
-46
-44
-43
-40
-38
-35
-32
-30
-26
-23
-19
-16
-14
-11
-8
-5
-1
3
6
9
11
13
16
19
23
25
27
31
36
41
45
49
51
53
55
57
57
57
55
53
51
48
45
42
38
33
28
22
16
10
4
-3
-9
-16
-22
-27
-33
-39
-44
-49
-52
-54
-57
-59
-61
-62
-62
-61
-60
-59
-59
-58
-55
-53
-50
-47
-44
-41
-37
-33
-29
-24
-20
-16
-11
-6
-1
4
9
13
18
23
28
32
36
40
43
47
51
56
60
61
62
62
62
62
63
61
58
55
52
50
47
44
39
33
28
23
19
14
8
1
-4
-9
-14
-19
-24
-29
-34
-38
-40
-42
-45
-47
-48
-49
-49
-49
-49
-49
-49
-47
-45
-42
-41
-39
-37
-34
-31
-27
-24
-22
-19
-15
-11
-7
-5
-2
0
4
8
11
15
17
18
21
24
27
29
33
37
41
45
49
51
53
53
54
54
53
51
49
46
43
40
37
34
28
23
17
12
7
1
-6
-12
-17
-22
-27
-33
-39
-44
-48
-51
-53
-55
-57
-58
-59
-58
-57
-57
-56
-56
-54
-51
-48
-45
-42
-38
-35
-32
-28
-24
-19
-16
-11
-8
-4
1
5
10
14
18
22
26
30
33
37
41
45
49
51
53
54
55
56
57
57
56
54
51
49
47
45
42
38
34
29
25
21
16
11
5
0
-5
-9
-13
-18
-24
-28
-31
-34
-36
-39
-41
-43
-44
-45
-45
-45
-45
-44
-43
-41
-39
-38
-35
-33
-31
-29
-26
-23
-20
-18
-15
-12
-9
-7
-5
-3
0
3
6
8
10
11
13
15
17
20
22
26
29
31
34
37
39
39
39
41
40
38
36
34
31
30
28
26
21
16
13
10
7
2
-2
-6
-10
-13
-17
-19
-22
-26
-28
-29
-29
-30
-31
-32
-32
-31
-28
-28
-29
-28
-28
-25
-23
-21
-20
-19
-18
-15
-13
-11
-9
-8
-7
-5
-3
-1
1
2
3
5
8
10
12
13
14
15
16
18
20
21
22
24
27
27
27
26
25
25
27
25
24
22
20
18
17
16
13
10
8
6
4
2
-1
-5
-8
-10
-11
-13
-16
-19
-22
-23
-23
-23
-23
-25
-25
-25
-24
-22
-22
-22
-22
-22
-20
-17
-16
-15
-14
-13
-10
-8
-7
-6
-5
-4
-2
1
2
2
3
4
6
7
8
8
8
8
9
11
14
16
18
20
21
23
24
24
24
25
24
23
23
22
21
19
17
16
14
11
10
7
4
1
-2
-5
-7
-10
-12
-15
-17
-20
-22
-23
-24
-25
-26
-26
-26
-25
-25
-24
-25
-24
-24
-23
-22
-20
-19
-17
-16
-14
-12
-11
-10
-8
-6
-5
-3
-1
0
2
4
5
7
8
10
12
13
15
16
17
18
19
21
24
26
26
26
25
24
24
25
25
23
21
19
18
16
15
13
11
8
6
4
2
-1
-4
-6
-8
-11
-13
-15
-17
-19
-21
-21
-22
-24
-24
-24
-24
-23
-22
-23
-22
-22
-21
-19
-17
-17
-16
-14
-12
-10
-8
-7
-6
-5
-4
-1
1
2
3
3
4
5
7
8
8
8
8
9
10
12
15
17
20
21
22
23
23
24
25
25
24
22
22
21
20
18
17
14
12
9
8
5
2
-1
-4
-7
-9
-12
-14
-16
-20
-21
-22
-23
-25
-25
-25
-25
-25
-24
-24
-24
-24
-24
-23
-21
-21
-19
-18
-16
-14
-13
-11
-10
-9
-7
-5
-3
-1
0
2
3
5
6
8
9
10
12
14
15
16
19
20
20
21
22
23
24
25
25
24
23
22
22
22
20
18
16
15
13
12
10
7
4
1
0
-2
-4
-7
-10
-12
-14
-15
-17
-19
-21
-22
-22
-22
-22
-23
-24
-23
-22
-21
-19
-19
-18
-18
-17
-15
-13
-12
-11
-10
-8
-6
-4
-3
-3
-2
0
2
3
4
5
5
6
7
8
8
8
9
9
11
12
14
16
18
20
21
22
21
21
21
23
22
21
20
18
16
15
14
12
10
7
5
3
0
-3
-6
-8
-11
-13
-15
-17
-19
-21
-22
-22
-23
-24
-25
-24
-24
-23
-22
-22
-21
-21
-20
-19
-17
-16
-15
-13
-11
-10
-8
-6
-6
-5
-4
-2
0
2
3
4
5
6
7
8
9
10
12
14
16
16
17
18
19
20
21
22
22
22
23
23
23
21
19
18
17
16
15
13
11
8
5
3
1
-1
-3
-6
-8
-10
-11
-13
-15
-17
-18
-19
-20
-21
-21
-21
-21
-22
-21
-21
-20
-19
-18
-17
-16
-16
-15
-13
-11
-9
-8
-7
-6
-5
-3
-1
0
1
2
3
4
5
6
6
7
7
8
9
9
9
10
10
11
12
14
17
19
19
19
20
19
19
21
21
19
18
17
15
14
13
11
8
6
3
2
1
-2
-6
-8
-10
-13
-15
-17
-18
-20
-21
-21
-21
-22
-23
-23
-23
-22
-21
-20
-19
-19
-19
-17
-16
-14
-14
-13
-11
-9
-8
-6
-5
-5
-4
-3
-1
1
2
3
4
5
7
8
9
9
10
11
12
13
15
16
17
18
19
19
20
21
20
21
21
22
20
19
18
16
15
13
12
10
8
6
4
2
-1
-3
-6
-8
-9
-11
-12
-14
-16
-18
-19
-20
-20
-21
-21
-21
-21
-20
-19
-19
-19
-19
-17
-16
-15
-14
-12
-11
-10
-9
-8
-7
-6
-5
-3
-2
0
1
2
3
3
4
5
6
7
8
9
10
12
13
12
12
12
12
13
17
20
19
18
18
18
17
18
18
17
15
14
14
13
11
8
5
3
2
0
-1
-3
-6
-8
-9
-11
-13
-16
-17
-18
-19
-19
-18
-19
-20
-21
-21
-20
-19
-19
-19
-18
-16
-15
-13
-12
-12
-13
-11
-9
-8
-6
-5
-4
-3
-1
0
1
1
2
3
4
6
8
8
9
10
10
11
12
13
13
14
16
17
17
17
17
17
18
19
18
18
16
15
15
14
12
10
9
7
5
4
2
0
-2
-4
-6
-7
-9
-11
-12
-14
-15
-16
-16
-17
-18
-18
-18
-18
-18
-18
-18
-18
-17
-16
-15
-15
-13
-12
-11
-10
-9
-8
-7
-6
-5
-4
-3
-2
-1
0
2
3
4
4
5
6
7
7
8
8
9
9
10
11
12
14
15
17
19
19
19
19
19
19
18
18
18
16
15
14
12
9
7
5
2
1
-1
-2
-4
-7
-9
-11
-13
-15
-16
-18
-19
-19
-19
-19
-19
-20
-20
-20
-20
-19
-18
-17
-16
-15
-14
-13
-12
-11
-11
-10
-9
-8
-6
-5
-4
-3
-2
-1
0
0
1
3
4
5
7
8
9
9
10
11
12
13
14
15
16
19
20
22
23
22
22
21
21
20
19
18
16
15
12
10
8
5
3
0
-2
-4
-6
-7
-9
-11
-13
-15
-17
-19
-20
-21
-21
-21
-21
-21
-20
-20
-20
-19
-18
-17
-16
-14
-12
-10
-9
-8
-6
-6
-5
-4
-3
-2
0
1
1
2
2
3
3
3
4
4
6
7
8
8
9
10
11
12
13
15
16
19
22
25
26
26
25
25
25
23
22
21
18
15
12
8
4
-1
-5
-8
-10
-13
-16
-20
-22
-24
-25
-26
-28
-29
-29
-28
-26
-25
-24
-22
-21
-19
-18
-15
-13
-11
-9
-7
-4
-3
-2
-1
-1
0
0
0
1
1
1
1
1
1
0
1
1
2
3
4
5
6
7
9
11
13
14
15
18
21
23
24
26
26
27
26
25
25
23
21
19
16
12
9
5
2
-2
-5
-8
-10
-13
-15
-16
-18
-19
-21
-21
-21
-21
-20
-20
-20
-19
-18
-17
-16
-15
-15
-14
-13
-12
-11
-10
-9
-9
-8
-8
-7
-6
-6
-6
-5
-4
-3
-1
0
0
1
2
2
3
5
7
9
11
12
13
13
14
14
15
16
17
17
18
18
18
17
16
15
14
14
15
16
17
16
14
11
8
4
2
0
-1
-2
-3
-5
-7
-10
-14
-17
-18
-19
-19
-19
-18
-19
-20
-20
-21
-21
-21
-20
-18
-16
-15
-14
-12
-12
-11
-11
-10
-8
-7
-5
-4
-2
-2
-1
-1
-1
0
1
2
3
4
5
5
5
5
6
7
8
9
11
12
13
15
16
16
17
18
16
17
17
16
17
16
14
12
9
7
5
3
2
0
-1
-3
-3
-6
-7
-9
-10
-11
-11
-12
-10
-7
-9
-11
-14
-17
-16
-13
-9
-7
-8
-8
-9
-12
-12
-13
-12
-8
-5
-3
-1
-2
-4
-5
-5
-3
-2
1
3
5
6
4
3
3
3
4
7
8
10
11
10
10
10
10
11
13
16
20
22
23
21
18
14
12
12
10
9
7
3
0
-4
-8
-12
-14
-16
-16
-16
-17
-18
-20
-21
-22
-21
-19
-18
-17
-16
-15
-14
-13
-14
-13
-12
-10
-8
-6
-6
-6
-7
-7
-6
-5
-4
-2
-1
0
-1
-1
-1
0
2
4
5
7
7
8
8
8
10
11
14
16
17
17
16
16
15
15
16
16
17
17
16
15
17
18
14
12
8
5
3
1
-1
-2
-3
-5
-6
-8
-11
-13
-12
-11
-8
-6
-5
-6
-8
-10
-11
-12
-12
-12
-12
-12
-12
-13
-15
-16
-16
-15
-13
-11
-10
-9
-9
-8
-7
-6
-5
-3
-1
1
3
3
1
0
0
0
2
6
8
8
7
5
4
4
5
6
8
9
8
9
8
8
6
9
20
24
25
22
15
9
4
2
2
2
1
-2
-3
-5
-10
-15
-16
-13
-8
-4
-3
-3
-6
-8
-10
-9
-8
-6
-4
-2
-1
-3
-6
-8
-8
-8
-6
-3
0
0
-1
-3
-4
-5
-6
-5
-2
0
0
-1
-3
-4
-5
-5
-4
-2
0
1
1
0
0
-2
-2
0
1
2
4
4
4
2
0
-1
0
0
1
1
0
-1
-2
-3
-4
-4
-3
-1
2
3
3
2
2
2
2
3
5
7
8
7
6
5
3
3
3
5
5
5
5
3
2
2
0
1
1
2
2
3
2
1
0
-1
-1
0
0
2
3
3
3
3
2
2
3
3
4
4
3
2
1
-2
-4
-5
-6
-6
-7
-8
-10
-11
-13
-13
-13
-14
-14
-13
-12
-12
-11
-10
-10
-9
-9
-8
-6
-5
-5
-4
-4
-5
-5
-5
-5
-4
-3
-1
-1
-1
-1
-1
0
0
1
2
4
5
5
5
5
4
4
4
4
5
5
5
5
5
5
4
4
5
5
5
6
6
6
5
5
4
4
5
5
6
7
6
5
4
3
4
5
5
5
5
4
3
4
3
2
2
2
2
2
1
0
-1
-2
-3
-4
-4
-4
-4
-4
-5
-4
-5
-5
-4
-4
-3
-2
-2
-2
-2
-2
-2
-2
-1
-1
-1
-1
-2
-3
-4
-5
-6
-6
-7
-7
-7
-8
-9
-9
-10
-10
-10
-9
-9
-8
-8
-7
-7
-7
-6
-5
-4
-3
-3
-2
-2
-2
-2
-2
-1
-1
-1
0
1
1
2
2
2
2
2
3
3
4
4
3
3
3
3
4
4
4
4
4
4
4
4
4
4
4
4
5
5
5
4
5
5
6
6
5
5
4
4
4
3
3
3
4
5
6
5
4
3
3
2
2
2
1
1
1
0
-1
-2
-2
-3
-3
-3
-4
-4
-4
-4
-5
-5
-5
-5
-5
-5
-5
-4
-4
-4
-4
-4
-4
-3
-3
-3
-3
-4
-4
-3
-4
-4
-5
-4
-4
-4
-5
-5
-6
-7
-7
-7
-7
-6
-5
-4
-3
-4
-4
-4
-4
-3
-2
-1
0
0
1
1
1
0
0
0
0
0
1
1
1
1
1
1
1
1
1
2
2
3
3
3
3
3
2
2
2
2
3
3
3
3
3
2
2
2
2
2
2
2
3
3
3
3
3
3
3
3
3
3
3
3
3
3
3
2
2
2
2
2
2
2
2
1
1
1
0
0
-1
-1
-1
-1
-2
-2
-2
-3
-3
-3
-3
-3
-3
-3
-4
-4
-4
-4
-4
-4
-4
-4
-4
-4
-4
-4
-4
-4
-5
-5
-4
-5
-5
-4
-4
-4
-5
-4
-4
-4
-4
-4
-4
-4
-3
-3
-2
-2
-2
-1
-1
-1
-1
0
0
1
1
1
1
1
1
1
1
1
1
1
1
2
1
1
2
2
2
2
2
2
3
3
2
2
1
1
1
1
1
1
1
1
1
1
1
1
1
1
1
1
0
0
1
1
1
1
2
1
2
2
2
2
2
2
2
2
2
2
2
1
1
1
1
1
1
0
0
0
0
-1
-1
-1
-2
-2
-2
-2
-2
-3
-3
-3
-3
-3
-3
-4
-3
-3
-3
-3
-3
-3
-3
-3
-4
-3
-3
-3
-3
-3
-4
-4
-4
-4
-4
-4
-4
-3
-3
-3
-3
-2
-2
-2
-2
-2
-2
-1
-1
-1
0
0
0
0
0
0
1
1
1
1
1
1
2
2
2
2
2
2
2
1
1
1
2
1
1
1
2
1
1
1
1
1
2
1
1
1
1
1
0
0
0
0
0
0
0
0
0
0
0
0
0
0
0
0
0
1
1
1
1
1
0
0
0
0
0
0
0
0
1
1
1
0
0
0
-1
-1
-1
-1
-1
-1
-1
-1
-2
-2
-2
-2
-2
-2
-1
-1
-1
-1
-2
-2
-2
-3
-3
-3
-3
-3
-3
-2
-2
-2
-3
-3
-3
-3
-3
-3
-3
-3
-3
-2
-2
-2
-2
-2
-2
-1
-1
-1
0
0
0
0
0
0
1
1
1
1
1
1
1
1
1
1
1
1
1
1
1
1
1
1
1
1
1
1
1
1
1
1
1
0
0
0
0
0
0
1
1
0
0
0
0
0
0
0
-1
0
0
0
0
0
0
0
0
0
0
-1
-1
-1
0
0
-1
0
-1
-1
-1
0
-1
-1
-1
-1
-1
-1
-1
-1
-1
-1
-1
-1
-2
-2
-2
-2
-2
-2
-2
-2
-1
-2
-2
-2
-2
-1
-1
-2
-1
-1
-1
-1
-2
-1
-2
-1
-1
-2
-1
-1
-1
-1
-1
-1
-1
-1
-1
-1
0
0
0
0
0
0
0
0
0
0
0
0
0
0
0
0
0
0
0
0
0
0
0
1
0
0
0
0
0
0
0
0
0
0
0
0
0
0
0
0
0
0
0
0
0
0
0
0
0
0
0
0
0
0
-1
-1
-1
-1
-1
-1
-1
-1
-1
0
-1
-1
-1
-1
-1
0
0
